0	1747	-160	0	4000	
1	1752	-160	0	4000	
2	1757	-80	0	4000	
3	1762	-80	0	4000	
4	1767	-80	0	4000	
5	1772	-80	0	4000	
6	1777	-200	0	4000	
7	1782	-200	0	4000	
8	1787	-80	0	4000	
9	1792	-80	0	4000	
10	1797	-80	0	4000	
11	1802	-80	0	4000	
12	1807	-40	0	4000	
13	1812	-40	0	4000	
14	1817	-40	0	4000	
15	1822	-40	0	4000	
16	1827	-80	0	4000	
17	1832	-80	0	4000	
18	1837	-80	0	4000	
19	1842	-80	0	4000	
20	1847	-80	0	4000	
21	1852	-80	0	4000	
22	1857	-120	0	4000	
23	1862	-120	0	4000	
24	1867	-160	0	4000	
25	1872	-160	0	4000	
26	1877	-160	0	4000	
27	1882	0	0	4000	
28	1887	0	0	4000	
29	1892	-120	0	4000	
30	1897	-120	0	4000	
31	1902	-200	0	4000	
32	1907	-200	0	4000	
33	1912	0	0	4000	
34	1917	0	0	4000	
35	1922	-120	0	4000	
36	1927	-120	0	4000	
37	1932	160	0	4000	
38	1937	160	0	4000	
39	1942	160	0	4000	
40	1947	160	0	4000	
41	1952	200	0	4000	
42	1957	200	0	4000	
43	1962	240	0	4000	
44	1967	240	0	4000	
45	1972	240	0	4000	
46	1977	240	0	4000	
47	1982	200	0	4000	
48	1987	200	0	4000	
49	1992	200	0	4000	
50	1997	200	0	4000	
51	2002	160	0	4000	
52	2007	160	0	4000	
53	2012	280	0	4000	
54	2017	280	0	4000	
55	2022	200	0	4000	
56	2027	200	0	4000	
57	2032	120	0	4000	
58	2037	120	0	4000	
59	2042	160	0	4000	
60	2047	160	0	4000	
61	2052	120	0	4000	
62	2057	120	0	4000	
63	2062	120	0	4000	
64	2067	120	0	4000	
65	2072	200	0	4000	
66	2077	200	0	4000	
67	2082	160	0	4000	
68	2087	160	0	4000	
69	2092	240	0	4000	
70	2097	240	0	4000	
71	2102	240	0	4000	
72	2107	240	0	4000	
73	2112	120	0	4000	
74	2117	120	0	4000	
75	2122	120	0	4000	
76	2127	120	0	4000	
77	2132	160	0	4000	
78	2137	160	0	4000	
79	2142	200	0	4000	
80	2147	200	0	4000	
81	2152	280	0	4000	
82	2157	280	0	4000	
83	2162	120	0	4000	
84	2167	120	0	4000	
85	2172	200	0	4000	
86	2177	200	0	4000	
87	2182	160	0	4000	
88	2187	160	0	4000	
89	2192	200	0	4000	
90	2197	200	0	4000	
91	2202	160	0	4000	
92	2207	160	0	4000	
93	2212	200	0	4000	
94	2217	200	0	4000	
95	2222	240	0	4000	
96	2227	240	0	4000	
97	2232	200	0	4000	
98	2237	200	0	4000	
99	2242	280	0	4000	
100	2247	280	0	4000	
101	2252	240	0	4000	
102	2257	240	0	4000	
103	2262	240	0	4000	
104	2267	240	0	4000	
105	2272	320	0	4000	
106	2277	320	0	4000	
107	2282	200	0	4000	
108	2287	200	0	4000	
109	2292	320	0	4000	
110	2297	320	0	4000	
111	2302	280	0	4000	
112	2307	280	0	4000	
113	2312	240	0	4000	
114	2317	240	0	4000	
115	2322	280	0	4000	
116	2327	280	0	4000	
117	2332	360	0	4000	
118	2337	360	0	4000	
119	2342	280	0	4000	
120	2347	280	0	4000	
121	2352	240	0	4000	
122	2357	240	0	4000	
123	2362	360	0	4000	
124	2367	360	0	4000	
125	2372	240	0	4000	
126	2377	240	0	4000	
127	2382	240	0	4000	
128	2387	240	0	4000	
129	2392	280	0	4000	
130	2397	280	0	4000	
131	2402	400	0	4000	
132	2407	400	0	4000	
133	2412	280	0	4000	
134	2417	280	0	4000	
135	2422	200	0	4000	
136	2427	200	0	4000	
137	2432	400	0	4000	
138	2437	400	0	4000	
139	2442	280	0	4000	
140	2447	280	0	4000	
141	2452	200	0	4000	
142	2457	200	0	4000	
143	2462	240	0	4000	
144	2467	240	0	4000	
145	2472	160	0	4000	
146	2477	160	0	4000	
147	2482	120	0	4000	
148	2487	120	0	4000	
149	2492	160	0	4000	
150	2497	160	0	4000	
151	2502	160	0	4000	
152	2507	160	0	4000	
153	2512	80	0	4000	
154	2517	80	0	4000	
155	2522	120	0	4000	
156	2527	120	0	4000	
157	2532	120	0	4000	
158	2537	120	0	4000	
159	2542	80	0	4000	
160	2547	80	0	4000	
161	2552	40	0	4000	
162	2557	40	0	4000	
163	2562	0	0	4000	
164	2567	0	0	4000	
165	2572	40	0	4000	
166	2577	40	0	4000	
167	2582	80	0	4000	
168	2587	80	0	4000	
169	2592	0	0	4000	
170	2597	0	0	4000	
171	2602	40	0	4000	
172	2607	40	0	4000	
173	2612	0	0	4000	
174	2617	0	0	4000	
175	2622	0	0	4000	
176	2627	0	0	4000	
177	2632	0	0	4000	
178	2637	0	0	4000	
179	2642	0	0	4000	
180	2647	0	0	4000	
181	2652	0	0	4000	
182	2657	0	0	4000	
183	2662	0	0	4000	
184	2667	0	0	4000	
185	2672	0	0	4000	
186	2677	0	0	4000	
187	2682	40	0	4000	
188	2687	40	0	4000	
189	2692	0	0	4000	
190	2697	0	0	4000	
191	2702	0	0	4000	
192	2707	0	0	4000	
193	2712	-40	0	4000	
194	2717	-40	0	4000	
195	2722	-40	0	4000	
196	2727	-40	0	4000	
197	2732	0	0	4000	
198	2737	0	0	4000	
199	2742	0	0	4000	
200	2747	0	0	4000	
201	2752	0	0	4000	
202	2757	0	0	4000	
203	2762	40	0	4000	
204	2767	40	0	4000	
205	2772	80	0	4000	
206	2777	80	0	4000	
207	2782	120	0	4000	
208	2787	120	0	4000	
209	2792	0	0	4000	
210	2797	0	0	4000	
211	2802	40	0	4000	
212	2807	40	0	4000	
213	2812	80	0	4000	
214	2817	80	0	4000	
215	2822	40	0	4000	
216	2827	40	0	4000	
217	2832	40	0	4000	
218	2837	40	0	4000	
219	2842	120	0	4000	
220	2847	120	0	4000	
221	2852	120	0	4000	
222	2857	120	0	4000	
223	2862	80	0	4000	
224	2867	80	0	4000	
225	2872	120	0	4000	
226	2877	120	0	4000	
227	2882	160	0	4000	
228	2887	160	0	4000	
229	2892	160	0	4000	
230	2897	160	0	4000	
231	2902	160	0	4000	
232	2907	160	0	4000	
233	2912	120	0	4000	
234	2917	120	0	4000	
235	2922	120	0	4000	
236	2927	120	0	4000	
237	2932	80	0	4000	
238	2937	80	0	4000	
239	2942	40	0	4000	
240	2947	40	0	4000	
241	2952	120	0	4000	
242	2957	120	0	4000	
243	2962	0	0	4000	
244	2967	0	0	4000	
245	2972	40	0	4000	
246	2977	40	0	4000	
247	2982	0	0	4000	
248	2987	0	0	4000	
249	2992	-40	0	4000	
250	2997	-40	0	4000	
251	3002	-40	0	4000	
252	3007	-80	0	4000	
253	3012	-80	0	4000	
254	3017	0	0	4000	
255	3022	0	0	4000	
256	3027	40	0	4000	
257	3032	40	0	4000	
258	3037	40	0	4000	
259	3042	40	0	4000	
260	3047	0	0	4000	
261	3052	0	0	4000	
262	3057	-80	0	4000	
263	3062	-80	0	4000	
264	3067	-40	0	4000	
265	3072	-40	0	4000	
266	3077	0	0	4000	
267	3082	0	0	4000	
268	3087	0	0	4000	
269	3092	0	0	4000	
270	3097	80	0	4000	
271	3102	80	0	4000	
272	3107	40	0	4000	
273	3112	40	0	4000	
274	3117	80	0	4000	
275	3122	80	0	4000	
276	3127	120	0	4000	
277	3132	120	0	4000	
278	3137	120	0	4000	
279	3142	120	0	4000	
280	3147	120	0	4000	
281	3152	120	0	4000	
282	3157	120	0	4000	
283	3162	120	0	4000	
284	3167	120	0	4000	
285	3172	120	0	4000	
286	3177	120	0	4000	
287	3182	120	0	4000	
288	3187	120	0	4000	
289	3192	120	0	4000	
290	3197	320	0	4000	
291	3202	320	0	4000	
292	3207	280	0	4000	
293	3212	280	0	4000	
294	3217	200	0	4000	
295	3222	200	0	4000	
296	3227	160	0	4000	
297	3232	160	0	4000	
298	3237	240	0	4000	
299	3242	240	0	4000	
300	3247	240	0	4000	
301	3252	240	0	4000	
302	3257	200	0	4000	
303	3262	200	0	4000	
304	3267	160	0	4000	
305	3272	160	0	4000	
306	3277	200	0	4000	
307	3282	200	0	4000	
308	3287	280	0	4000	
309	3292	280	0	4000	
310	3297	160	0	4000	
311	3302	160	0	4000	
312	3307	320	0	4000	
313	3312	320	0	4000	
314	3317	200	0	4000	
315	3322	200	0	4000	
316	3327	160	0	4000	
317	3332	160	0	4000	
318	3337	160	0	4000	
319	3342	160	0	4000	
320	3347	160	0	4000	
321	3352	160	0	4000	
322	3357	120	0	4000	
323	3362	120	0	4000	
324	3367	200	0	4000	
325	3372	200	0	4000	
326	3377	240	0	4000	
327	3382	240	0	4000	
328	3387	280	0	4000	
329	3392	280	0	4000	
330	3397	200	0	4000	
331	3402	200	0	4000	
332	3407	120	0	4000	
333	3412	120	0	4000	
334	3417	160	0	4000	
335	3422	160	0	4000	
336	3427	160	0	4000	
337	3432	160	0	4000	
338	3437	160	0	4000	
339	3442	160	0	4000	
340	3447	280	0	4000	
341	3452	280	0	4000	
342	3457	200	0	4000	
343	3462	200	0	4000	
344	3467	0	0	4000	
345	3472	0	0	4000	
346	3477	400	0	4000	
347	3482	400	0	4000	
348	3487	440	0	4000	
349	3492	440	0	4000	
350	3497	240	0	4000	
351	3502	240	0	4000	
352	3507	80	0	4000	
353	3512	80	0	4000	
354	3517	200	0	4000	
355	3522	200	0	4000	
356	3527	240	0	4000	
357	3532	240	0	4000	
358	3537	80	0	4000	
359	3542	80	0	4000	
360	3547	80	0	4000	
361	3552	80	0	4000	
362	3557	280	0	4000	
363	3562	280	0	4000	
364	3567	40	0	4000	
365	3572	40	0	4000	
366	3577	0	0	4000	
367	3582	0	0	4000	
368	3587	160	0	4000	
369	3592	160	0	4000	
370	3597	120	0	4000	
371	3602	120	0	4000	
372	3607	120	0	4000	
373	3612	120	0	4000	
374	3617	160	0	4000	
375	3622	160	0	4000	
376	3627	-640	0	4000	
377	3632	-640	0	4000	
378	3637	-80	0	4000	
379	3642	-80	0	4000	
380	3647	840	0	4000	
381	3652	840	0	4000	
382	3657	-1280	0	4000	
383	3662	-1280	0	4000	
384	3667	-640	0	4000	
385	3672	-640	0	4000	
386	3677	80	0	4000	
387	3682	80	0	4000	
388	3687	680	0	4000	
389	3692	680	0	4000	
390	3697	-280	0	4000	
391	3702	-280	0	4000	
392	3707	-280	0	4000	
393	3712	-280	0	4000	
394	3717	440	0	4000	
395	3722	440	0	4000	
396	3727	-480	0	4000	
397	3732	-480	0	4000	
398	3737	0	0	4000	
399	3742	0	0	4000	
400	3747	320	0	4000	
401	3752	320	0	4000	
402	3757	280	0	4000	
403	3762	280	0	4000	
404	3767	-360	0	4000	
405	3772	-360	0	4000	
406	3777	280	0	4000	
407	3782	280	0	4000	
408	3787	560	0	4000	
409	3792	560	0	4000	
410	3797	80	0	4000	
411	3802	80	0	4000	
412	3807	-760	0	4000	
413	3812	-760	0	4000	
414	3817	-440	0	4000	
415	3822	-440	0	4000	
416	3827	-160	0	4000	
417	3832	-160	0	4000	
418	3837	-640	0	4000	
419	3842	-640	0	4000	
420	3847	-920	0	4000	
421	3852	-920	0	4000	
422	3857	-560	0	4000	
423	3862	-560	0	4000	
424	3867	-520	0	4000	
425	3872	-520	0	4000	
426	3877	-560	0	4000	
427	3882	-560	0	4000	
428	3887	-360	0	4000	
429	3892	-360	0	4000	
430	3897	-80	0	4000	
431	3902	-80	0	4000	
432	3907	-960	0	4000	
433	3912	-960	0	4000	
434	3917	-520	0	4000	
435	3922	-520	0	4000	
436	3927	-160	0	4000	
437	3932	-160	0	4000	
438	3937	0	0	4000	
439	3942	0	0	4000	
440	3947	-520	0	4000	
441	3952	-520	0	4000	
442	3957	-360	0	4000	
443	3962	-360	0	4000	
444	3967	-80	0	4000	
445	3972	-80	0	4000	
446	3977	-240	0	4000	
447	3982	-240	0	4000	
448	3987	-400	0	4000	
449	3992	-400	0	4000	
450	3997	-360	0	4000	
451	4002	-360	0	4000	
452	4007	-160	0	4000	
453	4012	-160	0	4000	
454	4017	-240	0	4000	
455	4022	-240	0	4000	
456	4027	-40	0	4000	
457	4032	-40	0	4000	
458	4037	-160	0	4000	
459	4042	-160	0	4000	
460	4047	-400	0	4000	
461	4052	-400	0	4000	
462	4057	-200	0	4000	
463	4062	-200	0	4000	
464	4067	120	0	4000	
465	4072	120	0	4000	
466	4077	120	0	4000	
467	4082	120	0	4000	
468	4087	-400	0	4000	
469	4092	-400	0	4000	
470	4097	-400	0	4000	
471	4102	-240	0	4000	
472	4107	-240	0	4000	
473	4112	-160	0	4000	
474	4117	-160	0	4000	
475	4122	0	0	4000	
476	4127	0	0	4000	
477	4132	200	0	4000	
478	4137	200	0	4000	
479	4142	240	0	4000	
480	4147	240	0	4000	
481	4152	120	0	4000	
482	4157	120	0	4000	
483	4162	40	0	4000	
484	4167	40	0	4000	
485	4172	240	0	4000	
486	4177	240	0	4000	
487	4182	280	0	4000	
488	4187	280	0	4000	
489	4192	280	0	4000	
490	4197	280	0	4000	
491	4202	240	0	4000	
492	4207	240	0	4000	
493	4212	360	0	4000	
494	4217	360	0	4000	
495	4222	360	0	4000	
496	4227	360	0	4000	
497	4232	0	0	4000	
498	4237	0	0	4000	
499	4242	0	0	4000	
500	4247	0	0	4000	
501	4252	80	0	4000	
502	4257	80	0	4000	
503	4262	0	0	4000	
504	4267	0	0	4000	
505	4272	0	0	4000	
506	4277	0	0	4000	
507	4282	-120	0	4000	
508	4287	-120	0	4000	
509	4292	-80	0	4000	
510	4297	-80	0	4000	
511	4302	-160	0	4000	
512	4307	-160	0	4000	
513	4312	-160	0	4000	
514	4317	-160	0	4000	
515	4322	-240	0	4000	
516	4327	-240	0	4000	
517	4332	-320	0	4000	
518	4337	-320	0	4000	
519	4342	-400	0	4000	
520	4347	-400	0	4000	
521	4352	-440	0	4000	
522	4357	-440	0	4000	
523	4362	-440	0	4000	
524	4367	-440	0	4000	
525	4372	-480	0	4000	
526	4377	-480	0	4000	
527	4382	-480	0	4000	
528	4387	-480	0	4000	
529	4392	-520	0	4000	
530	4397	-520	0	4000	
531	4402	-560	0	4000	
532	4407	-560	0	4000	
533	4412	-480	0	4000	
534	4417	-480	0	4000	
535	4422	-360	0	4000	
536	4427	-360	0	4000	
537	4432	-240	0	4000	
538	4437	-240	0	4000	
539	4442	-200	0	4000	
540	4447	-200	0	4000	
541	4452	240	0	4000	
542	4457	240	0	4000	
543	4462	280	0	4000	
544	4467	280	0	4000	
545	4472	440	0	4000	
546	4477	440	0	4000	
547	4482	360	0	4000	
548	4487	360	0	4000	
549	4492	400	0	4000	
550	4497	400	0	4000	
551	4502	480	0	4000	
552	4507	480	0	4000	
553	4512	440	0	4000	
554	4517	440	0	4000	
555	4522	360	0	4000	
556	4527	360	0	4000	
557	4532	320	0	4000	
558	4537	320	0	4000	
559	4542	240	0	4000	
560	4547	240	0	4000	
561	4552	160	0	4000	
562	4557	160	0	4000	
563	4562	160	0	4000	
564	4567	160	0	4000	
565	4572	0	0	4000	
566	4577	0	0	4000	
567	4582	-40	0	4000	
568	4587	-40	0	4000	
569	4592	200	0	4000	
570	4597	200	0	4000	
571	4602	80	0	4000	
572	4607	80	0	4000	
573	4612	280	0	4000	
574	4617	280	0	4000	
575	4622	200	0	4000	
576	4627	200	0	4000	
577	4632	160	0	4000	
578	4637	160	0	4000	
579	4642	40	0	4000	
580	4647	40	0	4000	
581	4652	280	0	4000	
582	4657	280	0	4000	
583	4662	200	0	4000	
584	4667	200	0	4000	
585	4672	240	0	4000	
586	4677	240	0	4000	
587	4682	240	0	4000	
588	4687	240	0	4000	
589	4692	120	0	4000	
590	4697	120	0	4000	
591	4702	240	0	4000	
592	4707	240	0	4000	
593	4712	160	0	4000	
594	4717	160	0	4000	
595	4722	360	0	4000	
596	4727	360	0	4000	
597	4732	160	0	4000	
598	4737	160	0	4000	
599	4742	280	0	4000	
600	4747	280	0	4000	
601	4752	400	0	4000	
602	4757	400	0	4000	
603	4762	280	0	4000	
604	4767	280	0	4000	
605	4772	240	0	4000	
606	4777	240	0	4000	
607	4782	360	0	4000	
608	4787	360	0	4000	
609	4792	360	0	4000	
610	4797	360	0	4000	
611	4802	280	0	4000	
612	4807	280	0	4000	
613	4812	280	0	4000	
614	4817	280	0	4000	
615	4822	400	0	4000	
616	4827	400	0	4000	
617	4832	360	0	4000	
618	4837	360	0	4000	
619	4842	360	0	4000	
620	4847	360	0	4000	
621	4852	400	0	4000	
622	4857	400	0	4000	
623	4862	480	0	4000	
624	4867	480	0	4000	
625	4872	440	0	4000	
626	4877	440	0	4000	
627	4882	320	0	4000	
628	4887	320	0	4000	
629	4892	480	0	4000	
630	4897	480	0	4000	
631	4902	480	0	4000	
632	4907	480	0	4000	
633	4912	400	0	4000	
634	4917	400	0	4000	
635	4922	600	0	4000	
636	4927	600	0	4000	
637	4932	680	0	4000	
638	4937	680	0	4000	
639	4942	600	0	4000	
640	4947	600	0	4000	
641	4952	400	0	4000	
642	4957	400	0	4000	
643	4962	320	0	4000	
644	4967	320	0	4000	
645	4972	200	0	4000	
646	4977	200	0	4000	
647	4982	320	0	4000	
648	4987	320	0	4000	
649	4992	360	0	4000	
650	4997	360	0	4000	
651	5002	80	0	4000	
652	5007	80	0	4000	
653	5012	-200	0	4000	
654	5017	-200	0	4000	
655	5022	-440	0	4000	
656	5027	-440	0	4000	
657	5032	-640	0	4000	
658	5037	-640	0	4000	
659	5042	-640	0	4000	
660	5047	-280	0	4000	
661	5052	-600	0	4000	
662	5057	-600	0	4000	
663	5062	-1320	0	4000	
664	5067	-1320	0	4000	
665	5072	-1200	0	4000	
666	5077	-1200	0	4000	
667	5082	-720	0	4000	
668	5087	-720	0	4000	
669	5092	-720	0	4000	
670	5097	-920	0	4000	
671	5102	-1000	0	4000	
672	5107	-1000	0	4000	
673	5112	-960	0	4000	
674	5117	-960	0	4000	
675	5122	-520	0	4000	
676	5127	-520	0	4000	
677	5132	-1280	0	4000	
678	5137	-1280	0	4000	
679	5142	-1280	0	4000	
680	5147	-1600	0	4000	
681	5152	-1360	0	4000	
682	5157	-1360	0	4000	
683	5162	-680	0	4000	
684	5167	-680	0	4000	
685	5172	-400	0	4000	
686	5177	-400	0	4000	
687	5182	-1000	0	4000	
688	5187	-1000	0	4000	
689	5192	-840	0	4000	
690	5197	-840	0	4000	
691	5202	-1960	0	4000	
692	5207	-1960	0	4000	
693	5212	-2320	0	4000	
694	5217	-2320	0	4000	
695	5222	-2320	0	4000	
696	5227	-600	0	4000	
697	5232	-600	0	4000	
698	5237	-480	0	4000	
699	5242	-480	0	4000	
700	5247	-2160	0	4000	
701	5252	-2160	0	4000	
702	5257	-2320	0	4000	
703	5262	-2320	0	4000	
704	5267	-1480	0	4000	
705	5272	-1480	0	4000	
706	5277	-1240	0	4000	
707	5282	-1240	0	4000	
708	5287	-1920	0	4000	
709	5292	-1920	0	4000	
710	5297	-1440	0	4000	
711	5302	-1440	0	4000	
712	5307	-640	0	4000	
713	5312	-640	0	4000	
714	5317	-1600	0	4000	
715	5322	-1600	0	4000	
716	5327	-1800	0	4000	
717	5332	-1800	0	4000	
718	5337	-1680	0	4000	
719	5342	-1680	0	4000	
720	5347	-1680	0	4000	
721	5352	-1680	0	4000	
722	5357	-2200	0	4000	
723	5362	-2200	0	4000	
724	5367	-2040	0	4000	
725	5372	-2040	0	4000	
726	5377	-960	0	4000	
727	5382	-960	0	4000	
728	5387	-1360	0	4000	
729	5392	-1360	0	4000	
730	5397	-1840	0	4000	
731	5402	-1840	0	4000	
732	5407	-1400	0	4000	
733	5412	-1400	0	4000	
734	5417	-1000	0	4000	
735	5422	-1000	0	4000	
736	5427	-2160	0	4000	
737	5432	-2160	0	4000	
738	5437	-2880	0	4000	
739	5442	-2880	0	4000	
740	5447	-1720	0	4000	
741	5452	-1720	0	4000	
742	5457	-400	0	4000	
743	5462	-400	0	4000	
744	5467	-1080	0	4000	
745	5472	-1080	0	4000	
746	5477	-1040	0	4000	
747	5482	-1040	0	4000	
748	5487	-920	0	4000	
749	5492	-920	0	4000	
750	5497	-1960	0	4000	
751	5502	-1960	0	4000	
752	5507	-2520	0	4000	
753	5512	-2520	0	4000	
754	5517	-1040	0	4000	
755	5522	-1040	0	4000	
756	5527	0	0	4000	
757	5532	0	0	4000	
758	5537	-760	0	4000	
759	5542	-760	0	4000	
760	5547	-1400	0	4000	
761	5552	-1400	0	4000	
762	5557	-1160	0	4000	
763	5562	-1160	0	4000	
764	5567	-1880	0	4000	
765	5572	-1880	0	4000	
766	5577	-2400	0	4000	
767	5582	-2400	0	4000	
768	5587	-1960	0	4000	
769	5592	-1960	0	4000	
770	5597	-600	0	4000	
771	5602	-600	0	4000	
772	5607	-880	0	4000	
773	5612	-880	0	4000	
774	5617	-1400	0	4000	
775	5622	-1400	0	4000	
776	5627	-1720	0	4000	
777	5632	-1720	0	4000	
778	5637	-1640	0	4000	
779	5642	-1640	0	4000	
780	5647	-1040	0	4000	
781	5652	-1040	0	4000	
782	5657	-360	0	4000	
783	5662	-360	0	4000	
784	5667	80	0	4000	
785	5672	80	0	4000	
786	5677	-520	0	4000	
787	5682	-520	0	4000	
788	5687	-240	0	4000	
789	5692	-240	0	4000	
790	5697	3240	0	4000	
791	5702	3240	0	4000	
792	5707	2880	0	4000	
793	5712	2880	0	4000	
794	5717	2320	0	4000	
795	5722	2320	0	4000	
796	5727	-760	0	4000	
797	5732	-760	0	4000	
798	5737	1400	0	4000	
799	5742	1400	0	4000	
800	5747	3000	0	4000	
801	5752	3000	0	4000	
802	5757	5040	0	4000	
803	5762	5040	0	4000	
804	5767	4440	0	4000	
805	5772	4440	0	4000	
806	5777	3920	0	4000	
807	5782	3920	0	4000	
808	5787	2680	0	4000	
809	5792	2680	0	4000	
810	5797	240	0	4000	
811	5802	240	0	4000	
812	5807	-800	0	4000	
813	5812	-800	0	4000	
814	5817	1080	0	4000	
815	5822	1080	0	4000	
816	5827	2880	0	-602	
817	5832	2880	0	-602	
818	5837	2640	0	-602	
819	5842	2640	0	-602	
820	5847	1960	0	-602	
821	5852	1960	0	-602	
822	5857	2480	0	-602	
823	5862	2480	0	-602	
824	5867	760	0	-602	
825	5872	760	0	-602	
826	5877	-1400	0	-602	
827	5882	-1400	0	-602	
828	5887	-440	0	-602	
829	5892	-440	0	-602	
830	5897	560	0	-602	
831	5902	560	0	-602	
832	5907	1440	0	-602	
833	5912	1440	0	-602	
834	5917	120	0	-602	
835	5922	120	0	-602	
836	5927	40	0	-602	
837	5932	40	0	-602	
838	5937	-840	0	-602	
839	5942	-840	0	-602	
840	5947	-560	0	-602	
841	5952	-560	0	-602	
842	5957	-600	0	-602	
843	5962	-600	0	-602	
844	5967	640	0	-602	
845	5972	640	0	-602	
846	5977	240	0	-602	
847	5982	240	0	-602	
848	5987	0	0	-602	
849	5992	0	0	-602	
850	5997	600	0	-602	
851	6002	600	0	-602	
852	6007	-40	0	-602	
853	6012	-40	0	-602	
854	6017	-1400	0	-602	
855	6022	-1400	0	-602	
856	6027	-560	0	-602	
857	6032	-560	0	-602	
858	6037	560	0	-602	
859	6042	560	0	-602	
860	6047	560	0	-602	
861	6052	560	0	-602	
862	6057	0	0	-602	
863	6062	0	0	-602	
864	6067	80	0	-602	
865	6072	80	0	-602	
866	6077	0	0	-602	
867	6082	0	0	-602	
868	6087	-680	0	-602	
869	6092	-680	0	-602	
870	6097	-760	0	-602	
871	6102	-760	0	-602	
872	6107	0	0	-602	
873	6112	0	0	-602	
874	6117	-200	0	-602	
875	6122	-200	0	-602	
876	6127	-1200	0	-602	
877	6132	-1200	0	-602	
878	6137	-800	0	-602	
879	6142	-800	0	-602	
880	6147	-400	0	-602	
881	6152	-400	0	-602	
882	6157	-920	0	-602	
883	6162	-920	0	-602	
884	6167	-1040	0	-602	
885	6172	-1040	0	-602	
886	6177	-560	0	-602	
887	6182	-560	0	-602	
888	6187	-680	0	-602	
889	6192	-680	0	-602	
890	6197	-1600	0	-602	
891	6202	-1600	0	-602	
892	6207	-1720	0	-602	
893	6212	-1720	0	-602	
894	6217	-1200	0	-602	
895	6222	-1200	0	-602	
896	6227	-1520	0	-602	
897	6232	-1520	0	-602	
898	6237	-2160	0	-602	
899	6242	-2160	0	-602	
900	6247	-1640	0	-602	
901	6252	-1640	0	-602	
902	6257	-1120	0	-602	
903	6262	-1120	0	-602	
904	6267	-3320	0	-602	
905	6272	-3320	0	-602	
906	6277	-2200	0	-602	
907	6282	-2200	0	-602	
908	6287	-2200	0	-602	
909	6292	-120	0	-602	
910	6297	-200	0	-602	
911	6302	-200	0	-602	
912	6307	-2760	0	-602	
913	6312	-2760	0	-602	
914	6317	-2320	0	-602	
915	6322	-2320	0	-602	
916	6327	-1680	0	-602	
917	6332	-1680	0	-602	
918	6337	-1680	0	-602	
919	6342	-3040	0	-602	
920	6347	-3040	0	-602	
921	6352	-3440	0	-602	
922	6357	-3440	0	-602	
923	6362	-2320	0	-602	
924	6367	-2320	0	-602	
925	6372	-2600	0	-602	
926	6377	-2600	0	-602	
927	6382	-6440	0	-602	
928	6387	-6440	0	-602	
929	6392	-5760	0	-602	
930	6397	-5760	0	-602	
931	6402	-3320	0	-602	
932	6407	-3320	0	-602	
933	6412	-2920	0	-602	
934	6417	-2920	0	-602	
935	6422	-4320	0	-602	
936	6427	-4320	0	-602	
937	6432	-3360	0	-602	
938	6437	-3360	0	-602	
939	6442	-3360	0	-602	
940	6447	-3360	0	-602	
941	6452	-3560	0	-602	
942	6457	-3560	0	-602	
943	6462	5960	0	-602	
944	6467	5960	0	-602	
945	6472	15720	0	-602	
946	6477	15720	0	-602	
947	6482	12840	0	-602	
948	6487	12840	0	-602	
949	6492	-3720	0	-602	
950	6497	-3720	0	-602	
951	6502	-4440	0	-602	
952	6507	-4440	0	-602	
953	6512	-6040	0	-602	
954	6517	-6040	0	-602	
955	6522	1600	0	-602	
956	6527	1600	0	-602	
957	6532	6640	0	-602	
958	6537	6640	0	-602	
959	6542	9200	0	-602	
960	6547	9200	0	-602	
961	6552	5720	0	-602	
962	6557	5720	0	-602	
963	6562	-2640	0	-602	
964	6567	-2640	0	-602	
965	6572	200	0	-602	
966	6577	200	0	-602	
967	6582	-440	0	-602	
968	6587	-440	0	-602	
969	6592	800	0	-602	
970	6597	800	0	-602	
971	6602	5680	0	-602	
972	6607	5680	0	-602	
973	6612	8240	0	-602	
974	6617	8240	0	-602	
975	6622	8960	0	-602	
976	6627	8960	0	-602	
977	6632	3040	0	-602	
978	6637	3040	0	-602	
979	6642	760	0	-602	
980	6647	760	0	-602	
981	6652	1640	0	-602	
982	6657	1640	0	-602	
983	6662	4320	0	-602	
984	6667	4320	0	-602	
985	6672	10560	0	-602	
986	6677	10560	0	-602	
987	6682	6760	0	-602	
988	6687	6760	0	-602	
989	6692	5360	0	-602	
990	6697	5360	0	-602	
991	6702	4320	0	-602	
992	6707	4320	0	-602	
993	6712	2120	0	-602	
994	6717	2120	0	-602	
995	6722	1480	0	-602	
996	6727	1480	0	-602	
997	6732	2200	0	-602	
998	6737	2200	0	-602	
999	6742	6040	0	-602	
1000	6747	6040	0	-602	
1001	6752	5960	0	-602	
1002	6757	5960	0	-602	
1003	6762	4400	0	-602	
1004	6767	4400	0	-602	
1005	6772	1920	0	-602	
1006	6777	1920	0	-602	
1007	6782	-80	0	-602	
1008	6787	-80	0	-602	
1009	6792	840	0	-602	
1010	6797	840	0	-602	
1011	6802	2960	0	-602	
1012	6807	2960	0	-602	
1013	6812	4160	0	-602	
1014	6817	4160	0	-602	
1015	6822	1560	0	-602	
1016	6827	1560	0	-602	
1017	6832	-1680	0	-602	
1018	6837	-1680	0	-602	
1019	6842	1120	0	-602	
1020	6847	1120	0	-602	
1021	6852	2760	0	-602	
1022	6857	2760	0	-602	
1023	6862	2080	0	-602	
1024	6867	2080	0	-602	
1025	6872	-960	0	-602	
1026	6877	-960	0	-602	
1027	6882	2200	0	-602	
1028	6887	2200	0	-602	
1029	6892	400	0	-602	
1030	6897	400	0	-602	
1031	6902	-2080	0	-602	
1032	6907	-2080	0	-602	
1033	6912	-1240	0	-602	
1034	6917	-1240	0	-602	
1035	6922	1240	0	-602	
1036	6927	1240	0	-602	
1037	6932	80	0	-602	
1038	6937	80	0	-602	
1039	6942	-1840	0	-602	
1040	6947	-1840	0	-602	
1041	6952	480	0	-602	
1042	6957	480	0	-602	
1043	6962	-1000	0	-602	
1044	6967	-1000	0	-602	
1045	6972	-3120	0	-602	
1046	6977	-3120	0	-602	
1047	6982	-2600	0	-602	
1048	6987	-2600	0	-602	
1049	6992	1600	0	-602	
1050	6997	1600	0	-602	
1051	7002	1240	0	-602	
1052	7007	1240	0	-602	
1053	7012	-1040	0	-602	
1054	7017	-1040	0	-602	
1055	7022	-2440	0	-602	
1056	7027	-2440	0	-602	
1057	7032	-3040	0	-602	
1058	7037	-3040	0	-602	
1059	7042	-2720	0	-602	
1060	7047	-2720	0	-602	
1061	7052	-2040	0	-602	
1062	7057	-2040	0	-602	
1063	7062	-800	0	-602	
1064	7067	-800	0	-602	
1065	7072	-680	0	-602	
1066	7077	-680	0	-602	
1067	7082	-880	0	-602	
1068	7087	-880	0	-602	
1069	7092	-1880	0	-602	
1070	7097	-1880	0	-602	
1071	7102	-1080	0	-602	
1072	7107	-1080	0	-602	
1073	7112	-1640	0	-602	
1074	7117	-1640	0	-602	
1075	7122	-3360	0	-602	
1076	7127	-3360	0	-602	
1077	7132	-2520	0	-602	
1078	7137	-2520	0	-602	
1079	7142	640	0	-602	
1080	7147	640	0	-602	
1081	7152	720	0	-602	
1082	7157	720	0	-602	
1083	7162	-1960	0	-602	
1084	7167	-1960	0	-602	
1085	7172	-2280	0	-602	
1086	7177	-2280	0	-602	
1087	7182	-480	0	-602	
1088	7187	-480	0	-602	
1089	7192	-1400	0	-602	
1090	7197	-1400	0	-602	
1091	7202	-1960	0	-602	
1092	7207	-1960	0	-602	
1093	7212	0	0	-602	
1094	7217	0	0	-602	
1095	7222	1440	0	-602	
1096	7227	1440	0	-602	
1097	7232	480	0	-602	
1098	7237	480	0	-602	
1099	7242	-1080	0	-602	
1100	7247	-1080	0	-602	
1101	7252	-1240	0	-602	
1102	7257	-1240	0	-602	
1103	7262	-2400	0	-602	
1104	7267	-2400	0	-602	
1105	7272	-280	0	-602	
1106	7277	-280	0	-602	
1107	7282	640	0	-602	
1108	7287	640	0	-602	
1109	7292	3040	0	-602	
1110	7297	3040	0	-602	
1111	7302	1760	0	-602	
1112	7307	1760	0	-602	
1113	7312	-360	0	-602	
1114	7317	-360	0	-602	
1115	7322	-1480	0	-602	
1116	7327	-1480	0	-602	
1117	7332	-3960	0	-602	
1118	7337	-3960	0	-602	
1119	7342	-1360	0	-602	
1120	7347	-1360	0	-602	
1121	7352	360	0	-602	
1122	7357	360	0	-602	
1123	7362	2000	0	-602	
1124	7367	2000	0	-602	
1125	7372	2920	0	-602	
1126	7377	2920	0	-602	
1127	7382	1160	0	-602	
1128	7387	1160	0	-602	
1129	7392	-2200	0	-602	
1130	7397	-2200	0	-602	
1131	7402	-4240	0	-602	
1132	7407	-4240	0	-602	
1133	7412	-3160	0	-602	
1134	7417	-3160	0	-602	
1135	7422	-800	0	-602	
1136	7427	-800	0	-602	
1137	7432	-880	0	-602	
1138	7437	-880	0	-602	
1139	7442	-1200	0	-602	
1140	7447	-1200	0	-602	
1141	7452	-1200	0	-602	
1142	7457	200	0	-602	
1143	7462	200	0	-602	
1144	7467	400	0	-602	
1145	7472	400	0	-602	
1146	7477	-2760	0	-602	
1147	7482	-2760	0	-602	
1148	7487	-5040	0	-602	
1149	7492	-5040	0	-602	
1150	7497	-2600	0	-602	
1151	7502	-2600	0	-602	
1152	7507	1920	0	-602	
1153	7512	1920	0	-602	
1154	7517	3640	0	-602	
1155	7522	3640	0	-602	
1156	7527	120	0	-602	
1157	7532	120	0	-602	
1158	7537	-2360	0	-602	
1159	7542	-2360	0	-602	
1160	7547	-5320	0	-602	
1161	7552	-5320	0	-602	
1162	7557	-5400	0	-602	
1163	7562	-5400	0	-602	
1164	7567	-920	0	-602	
1165	7572	-920	0	-602	
1166	7577	680	0	-602	
1167	7582	680	0	649	
1168	7587	680	0	649	
1169	7592	680	0	649	
1170	7597	-3240	0	649	
1171	7602	-3240	0	649	
1172	7607	-3760	0	649	
1173	7612	-3760	0	649	
1174	7617	-4120	0	649	
1175	7622	-4120	0	649	
1176	7627	-1440	0	649	
1177	7632	-1440	0	649	
1178	7637	1720	0	649	
1179	7642	1720	0	649	
1180	7647	1680	0	649	
1181	7652	1680	0	649	
1182	7657	-400	0	649	
1183	7662	-400	0	649	
1184	7667	-2000	0	649	
1185	7672	-2000	0	649	
1186	7677	-4080	0	649	
1187	7682	-4080	0	649	
1188	7687	-2600	0	649	
1189	7692	-2600	0	649	
1190	7697	-40	0	649	
1191	7702	-40	0	649	
1192	7707	3120	0	649	
1193	7712	3120	0	649	
1194	7717	3800	0	649	
1195	7722	3800	0	649	
1196	7727	920	0	649	
1197	7732	920	0	649	
1198	7737	-1640	0	649	
1199	7742	-1640	0	649	
1200	7747	-40	0	649	
1201	7752	-40	0	649	
1202	7757	1160	0	649	
1203	7762	1160	0	649	
1204	7767	1960	0	649	
1205	7772	1960	0	649	
1206	7777	-1200	0	649	
1207	7782	-1200	0	649	
1208	7787	1120	0	649	
1209	7792	1120	0	649	
1210	7797	2720	0	649	
1211	7802	2720	0	649	
1212	7807	440	0	649	
1213	7812	440	0	649	
1214	7817	-1080	0	649	
1215	7822	-1080	0	649	
1216	7827	-640	0	649	
1217	7832	-640	0	649	
1218	7837	-400	0	649	
1219	7842	-400	0	649	
1220	7847	-360	0	649	
1221	7852	-360	0	649	
1222	7857	1840	0	649	
1223	7862	1840	0	649	
1224	7867	3600	0	649	
1225	7872	3600	0	649	
1226	7877	1560	0	649	
1227	7882	1560	0	649	
1228	7887	280	0	649	
1229	7892	280	0	649	
1230	7897	-1920	0	649	
1231	7902	-1920	0	649	
1232	7907	-1920	0	649	
1233	7912	-1920	0	649	
1234	7917	4000	0	649	
1235	7922	4000	0	649	
1236	7927	7320	0	649	
1237	7932	7320	0	649	
1238	7937	5680	0	649	
1239	7942	5680	0	649	
1240	7947	4880	0	649	
1241	7952	4880	0	649	
1242	7957	3960	0	649	
1243	7962	3960	0	649	
1244	7967	5280	0	649	
1245	7972	5280	0	649	
1246	7977	-1200	0	649	
1247	7982	-1200	0	649	
1248	7987	-6320	0	649	
1249	7992	-6320	0	649	
1250	7997	14760	0	649	
1251	8002	14760	0	649	
1252	8007	19720	0	649	
1253	8012	19720	0	649	
1254	8017	12080	0	649	
1255	8022	12080	0	649	
1256	8027	-3560	0	649	
1257	8032	-3560	0	649	
1258	8037	1240	0	649	
1259	8042	1240	0	649	
1260	8047	7080	0	649	
1261	8052	7080	0	649	
1262	8057	6600	0	649	
1263	8062	6600	0	649	
1264	8067	6080	0	649	
1265	8072	6080	0	649	
1266	8077	9400	0	649	
1267	8082	9400	0	649	
1268	8087	7080	0	649	
1269	8092	7080	0	649	
1270	8097	-1640	0	649	
1271	8102	-1640	0	649	
1272	8107	80	0	649	
1273	8112	80	0	649	
1274	8117	2880	0	649	
1275	8122	2880	0	649	
1276	8127	1680	0	649	
1277	8132	1680	0	649	
1278	8137	-2720	0	649	
1279	8142	-2720	0	649	
1280	8147	920	0	649	
1281	8152	920	0	649	
1282	8157	3520	0	649	
1283	8162	3520	0	649	
1284	8167	720	0	649	
1285	8172	720	0	649	
1286	8177	160	0	649	
1287	8182	160	0	649	
1288	8187	1080	0	649	
1289	8192	1080	0	649	
1290	8197	120	0	649	
1291	8202	120	0	649	
1292	8207	160	0	649	
1293	8212	160	0	649	
1294	8217	4440	0	649	
1295	8222	4440	0	649	
1296	8227	5000	0	649	
1297	8232	5000	0	649	
1298	8237	-360	0	649	
1299	8242	-360	0	649	
1300	8247	-680	0	649	
1301	8252	-680	0	649	
1302	8257	7760	0	649	
1303	8262	7760	0	649	
1304	8267	13040	0	649	
1305	8272	13040	0	649	
1306	8277	-3800	0	649	
1307	8282	-3800	0	649	
1308	8287	-7840	0	649	
1309	8292	-7840	0	649	
1310	8297	-3360	0	649	
1311	8302	-3360	0	649	
1312	8307	1800	0	649	
1313	8312	1800	0	649	
1314	8317	-400	0	649	
1315	8322	-400	0	649	
1316	8327	-840	0	649	
1317	8332	-840	0	649	
1318	8337	0	0	649	
1319	8342	0	0	649	
1320	8347	-3640	0	649	
1321	8352	-3640	0	649	
1322	8357	-4680	0	649	
1323	8362	-4680	0	649	
1324	8367	-2040	0	649	
1325	8372	-2040	0	649	
1326	8377	-680	0	649	
1327	8382	-680	0	649	
1328	8387	-6320	0	649	
1329	8392	-6320	0	649	
1330	8397	-7160	0	649	
1331	8402	-7160	0	649	
1332	8407	-4120	0	649	
1333	8412	-4120	0	649	
1334	8417	-1040	0	649	
1335	8422	-1040	0	649	
1336	8427	-880	0	649	
1337	8432	-880	0	649	
1338	8437	-1800	0	649	
1339	8442	-1800	0	649	
1340	8447	-1800	0	649	
1341	8452	-3440	0	649	
1342	8457	-4760	0	649	
1343	8462	-4760	0	649	
1344	8467	-720	0	649	
1345	8472	-720	0	649	
1346	8477	1920	0	649	
1347	8482	1920	0	649	
1348	8487	-3640	0	649	
1349	8492	-3640	0	649	
1350	8497	-3640	0	649	
1351	8502	1960	0	649	
1352	8507	-9360	0	649	
1353	8512	-9360	0	649	
1354	8517	29336	0	649	
1355	8522	29336	0	649	
1356	8527	31440	0	649	
1357	8532	31440	0	649	
1358	8537	32080	0	649	
1359	8542	32080	0	649	
1360	8547	32080	0	649	
1361	8552	3840	0	649	
1362	8557	3840	0	649	
1363	8562	-6320	0	649	
1364	8567	-6320	0	649	
1365	8572	29920	0	649	
1366	8577	29920	0	649	
1367	8582	14920	0	649	
1368	8587	14920	0	649	
1369	8592	-9360	0	649	
1370	8597	-9360	0	649	
1371	8602	3440	0	649	
1372	8607	3440	0	649	
1373	8612	17840	0	649	
1374	8617	17840	0	649	
1375	8622	17760	0	649	
1376	8627	17760	0	649	
1377	8632	13680	0	649	
1378	8637	13680	0	649	
1379	8642	15520	0	649	
1380	8647	15520	0	649	
1381	8652	12120	0	649	
1382	8657	12120	0	649	
1383	8662	6640	0	649	
1384	8667	6640	0	649	
1385	8672	6680	0	649	
1386	8677	6680	0	649	
1387	8682	10600	0	649	
1388	8687	10600	0	649	
1389	8692	9840	0	649	
1390	8697	9840	0	649	
1391	8702	9400	0	649	
1392	8707	9400	0	649	
1393	8712	9840	0	649	
1394	8717	9840	0	649	
1395	8722	10960	0	649	
1396	8727	10960	0	649	
1397	8732	9160	0	649	
1398	8737	9160	0	649	
1399	8742	6840	0	649	
1400	8747	6840	0	649	
1401	8752	7800	0	649	
1402	8757	7800	0	649	
1403	8762	7480	0	649	
1404	8767	7480	0	649	
1405	8772	5280	0	649	
1406	8777	5280	0	649	
1407	8782	3040	0	649	
1408	8787	3040	0	649	
1409	8792	4680	0	649	
1410	8797	4680	0	649	
1411	8802	5120	0	649	
1412	8807	5120	0	649	
1413	8812	4200	0	649	
1414	8817	4200	0	649	
1415	8822	4080	0	649	
1416	8827	4080	0	649	
1417	8832	4600	0	649	
1418	8837	4600	0	649	
1419	8842	3920	0	649	
1420	8847	3920	0	649	
1421	8852	2200	0	649	
1422	8857	2200	0	649	
1423	8862	2960	0	649	
1424	8867	2960	0	649	
1425	8872	2880	0	649	
1426	8877	2880	0	649	
1427	8882	1520	0	649	
1428	8887	1520	0	649	
1429	8892	1360	0	649	
1430	8897	1360	0	649	
1431	8902	2400	0	649	
1432	8907	2400	0	649	
1433	8912	1920	0	649	
1434	8917	1920	0	649	
1435	8922	0	0	649	
1436	8927	0	0	649	
1437	8932	720	0	649	
1438	8937	720	0	649	
1439	8942	1440	0	649	
1440	8947	1440	0	649	
1441	8952	1040	0	649	
1442	8957	1040	0	649	
1443	8962	640	0	649	
1444	8967	640	0	649	
1445	8972	680	0	649	
1446	8977	680	0	649	
1447	8982	320	0	649	
1448	8987	320	0	649	
1449	8992	-1120	0	649	
1450	8997	-1120	0	649	
1451	9002	-600	0	649	
1452	9007	-600	0	649	
1453	9012	-80	0	649	
1454	9017	-80	0	649	
1455	9022	0	0	649	
1456	9027	0	0	649	
1457	9032	-1000	0	649	
1458	9037	-1000	0	649	
1459	9042	-560	0	649	
1460	9047	-560	0	649	
1461	9052	-120	0	649	
1462	9057	-120	0	649	
1463	9062	-240	0	649	
1464	9067	-240	0	649	
1465	9072	-800	0	649	
1466	9077	-800	0	649	
1467	9082	-600	0	649	
1468	9087	-600	0	649	
1469	9092	-520	0	649	
1470	9097	-520	0	649	
1471	9102	-560	0	649	
1472	9107	-560	0	649	
1473	9112	-400	0	649	
1474	9117	-400	0	649	
1475	9122	-80	0	649	
1476	9127	-80	0	649	
1477	9132	-120	0	649	
1478	9137	-120	0	649	
1479	9142	-480	0	649	
1480	9147	-480	0	649	
1481	9152	-160	0	649	
1482	9157	-160	0	649	
1483	9162	80	0	649	
1484	9167	80	0	649	
1485	9172	-640	0	649	
1486	9177	-640	0	106	
1487	9182	0	0	106	
1488	9187	0	0	106	
1489	9192	-160	0	106	
1490	9197	-160	0	106	
1491	9202	80	0	106	
1492	9207	80	0	106	
1493	9212	240	0	106	
1494	9217	240	0	106	
1495	9222	280	0	106	
1496	9227	280	0	106	
1497	9232	-160	0	106	
1498	9237	-160	0	106	
1499	9242	40	0	106	
1500	9247	40	0	106	
1501	9252	760	0	106	
1502	9257	760	0	106	
1503	9262	440	0	106	
1504	9267	440	0	106	
1505	9272	240	0	106	
1506	9277	240	0	106	
1507	9282	160	0	106	
1508	9287	160	0	106	
1509	9292	480	0	106	
1510	9297	480	0	106	
1511	9302	400	0	106	
1512	9307	400	0	106	
1513	9312	120	0	106	
1514	9317	120	0	106	
1515	9322	80	0	106	
1516	9327	80	0	106	
1517	9332	-560	0	106	
1518	9337	-560	0	106	
1519	9342	160	0	106	
1520	9347	160	0	106	
1521	9352	720	0	106	
1522	9357	720	0	106	
1523	9362	40	0	106	
1524	9367	40	0	106	
1525	9372	-440	0	106	
1526	9377	-440	0	106	
1527	9382	-160	0	106	
1528	9387	-160	0	106	
1529	9392	320	0	106	
1530	9397	320	0	106	
1531	9402	-240	0	106	
1532	9407	-240	0	106	
1533	9412	200	0	106	
1534	9417	200	0	106	
1535	9422	1160	0	106	
1536	9427	1160	0	106	
1537	9432	160	0	106	
1538	9437	160	0	106	
1539	9442	-360	0	106	
1540	9447	-360	0	106	
1541	9452	-240	0	106	
1542	9457	-240	0	106	
1543	9462	640	0	106	
1544	9467	640	0	106	
1545	9472	-80	0	106	
1546	9477	-80	0	106	
1547	9482	-480	0	106	
1548	9487	-480	0	106	
1549	9492	840	0	106	
1550	9497	840	0	106	
1551	9502	-80	0	106	
1552	9507	-80	0	106	
1553	9512	1200	0	106	
1554	9517	1200	0	106	
1555	9522	720	0	106	
1556	9527	720	0	106	
1557	9532	3720	0	106	
1558	9537	3720	0	106	
1559	9542	2360	0	106	
1560	9547	2360	0	106	
1561	9552	1880	0	106	
1562	9557	1880	0	106	
1563	9562	4960	0	106	
1564	9567	4960	0	106	
1565	9572	5280	0	106	
1566	9577	5280	0	106	
1567	9582	4640	0	106	
1568	9587	4640	0	106	
1569	9592	3120	0	106	
1570	9597	3120	0	106	
1571	9602	5200	0	106	
1572	9607	5200	0	106	
1573	9612	5080	0	106	
1574	9617	5080	0	106	
1575	9622	4800	0	106	
1576	9627	4800	0	106	
1577	9632	4720	0	106	
1578	9637	4720	0	106	
1579	9642	4640	0	106	
1580	9647	4640	0	106	
1581	9652	3480	0	106	
1582	9657	3480	0	106	
1583	9662	3280	0	106	
1584	9667	3280	0	106	
1585	9672	4560	0	106	
1586	9677	4560	0	106	
1587	9682	4320	0	106	
1588	9687	4320	0	106	
1589	9692	4320	0	106	
1590	9697	3680	0	106	
1591	9702	3680	0	106	
1592	9707	3120	0	106	
1593	9712	3120	0	106	
1594	9717	3760	0	106	
1595	9722	3760	0	106	
1596	9727	3640	0	106	
1597	9732	3640	0	106	
1598	9737	2720	0	106	
1599	9742	2720	0	106	
1600	9747	1680	0	106	
1601	9752	1680	0	106	
1602	9757	1720	0	106	
1603	9762	1720	0	106	
1604	9767	880	0	106	
1605	9772	880	0	106	
1606	9777	-200	0	106	
1607	9782	-200	0	106	
1608	9787	-760	0	106	
1609	9792	-760	0	106	
1610	9797	-960	0	106	
1611	9802	-960	0	106	
1612	9807	-1480	0	106	
1613	9812	-1480	0	106	
1614	9817	-2120	0	106	
1615	9822	-2120	0	106	
1616	9827	-1840	0	106	
1617	9832	-1840	0	106	
1618	9837	-2040	0	106	
1619	9842	-2040	0	106	
1620	9847	-2320	0	106	
1621	9852	-2320	0	106	
1622	9857	-2320	0	106	
1623	9862	-2320	0	106	
1624	9867	-1920	0	106	
1625	9872	-1920	0	106	
1626	9877	-1840	0	106	
1627	9882	-1840	0	106	
1628	9887	-1760	0	106	
1629	9892	-1760	0	106	
1630	9897	-680	0	106	
1631	9902	-680	0	106	
1632	9907	-280	0	106	
1633	9912	-280	0	106	
1634	9917	-120	0	106	
1635	9922	-120	0	106	
1636	9927	720	0	106	
1637	9932	720	0	106	
1638	9937	1120	0	106	
1639	9942	1120	0	106	
1640	9947	1160	0	106	
1641	9952	1160	0	106	
1642	9957	1160	0	106	
1643	9962	1160	0	106	
1644	9967	1600	0	106	
1645	9972	1600	0	106	
1646	9977	1800	0	106	
1647	9982	1800	0	106	
1648	9987	1680	0	106	
1649	9992	1680	0	106	
1650	9997	1320	0	106	
1651	10002	1320	0	106	
1652	10007	1360	0	106	
1653	10012	1360	0	106	
1654	10017	1120	0	106	
1655	10022	1120	0	106	
1656	10027	800	0	106	
1657	10032	800	0	106	
1658	10037	480	0	106	
1659	10042	480	0	106	
1660	10047	320	0	106	
1661	10052	320	0	106	
1662	10057	-120	0	106	
1663	10062	-120	0	106	
1664	10067	-560	0	106	
1665	10072	-560	0	106	
1666	10077	-400	0	106	
1667	10082	-400	0	106	
1668	10087	-320	0	106	
1669	10092	-320	0	106	
1670	10097	-640	0	106	
1671	10102	-640	0	106	
1672	10107	-600	0	106	
1673	10112	-600	0	106	
1674	10117	-520	0	106	
1675	10122	-520	0	106	
1676	10127	-520	0	106	
1677	10132	-520	0	106	
1678	10137	-320	0	106	
1679	10142	-320	0	106	
1680	10147	0	0	106	
1681	10152	0	0	106	
1682	10157	160	0	106	
1683	10162	160	0	106	
1684	10167	120	0	106	
1685	10172	120	0	106	
1686	10177	280	0	106	
1687	10182	280	0	106	
1688	10187	400	0	106	
1689	10192	400	0	106	
1690	10197	520	0	106	
1691	10202	520	0	106	
1692	10207	480	0	106	
1693	10212	480	0	106	
1694	10217	720	0	106	
1695	10222	720	0	106	
1696	10227	760	0	106	
1697	10232	760	0	106	
1698	10237	680	0	106	
1699	10242	680	0	106	
1700	10247	360	0	106	
1701	10252	360	0	106	
1702	10257	280	0	106	
1703	10262	280	0	106	
1704	10267	200	0	106	
1705	10272	200	0	106	
1706	10277	120	0	106	
1707	10282	120	0	106	
1708	10287	0	0	106	
1709	10292	0	0	106	
1710	10297	-80	0	106	
1711	10302	-80	0	106	
1712	10307	-80	0	106	
1713	10312	-80	0	106	
1714	10317	-200	0	106	
1715	10322	-200	0	106	
1716	10327	-200	0	106	
1717	10332	-200	0	106	
1718	10337	-200	0	106	
1719	10342	-200	0	106	
1720	10347	-160	0	106	
1721	10352	-160	0	106	
1722	10357	0	0	106	
1723	10362	0	0	106	
1724	10367	120	0	106	
1725	10372	120	0	106	
1726	10377	40	0	106	
1727	10382	40	0	106	
1728	10387	40	0	106	
1729	10392	40	0	106	
1730	10397	0	0	106	
1731	10402	0	0	106	
1732	10407	0	0	106	
1733	10412	0	0	106	
1734	10417	0	0	106	
1735	10422	0	0	106	
1736	10427	280	0	106	
1737	10432	280	0	106	
1738	10437	80	0	106	
1739	10442	80	0	106	
1740	10447	-120	0	106	
1741	10452	-120	0	106	
1742	10457	-320	0	106	
1743	10462	-320	0	106	
1744	10467	-920	0	106	
1745	10472	-920	0	106	
1746	10477	-2480	0	106	
1747	10482	-2480	0	106	
1748	10487	-2560	0	106	
1749	10492	-2560	0	106	
1750	10497	-280	0	106	
1751	10502	-280	0	106	
1752	10507	240	0	106	
1753	10512	240	0	106	
1754	10517	-1680	0	106	
1755	10522	-1680	0	106	
1756	10527	-2800	0	106	
1757	10532	-2800	0	106	
1758	10537	-920	0	106	
1759	10542	-920	0	106	
1760	10547	-200	0	106	
1761	10552	-200	0	106	
1762	10557	-840	0	106	
1763	10562	-840	0	106	
1764	10567	-2560	0	106	
1765	10572	-2560	0	106	
1766	10577	-2200	0	106	
1767	10582	-2200	0	106	
1768	10587	-1760	0	106	
1769	10592	-1760	0	106	
1770	10597	-1320	0	106	
1771	10602	-1320	0	106	
1772	10607	-880	0	106	
1773	10612	-880	0	106	
1774	10617	-1920	0	106	
1775	10622	-1920	0	106	
1776	10627	-3080	0	106	
1777	10632	-3080	0	106	
1778	10637	-1600	0	106	
1779	10642	-1600	0	106	
1780	10647	-680	0	106	
1781	10652	-680	0	106	
1782	10657	-1000	0	106	
1783	10662	-1000	0	106	
1784	10667	-2160	0	106	
1785	10672	-2160	0	106	
1786	10677	-2320	0	106	
1787	10682	-2320	0	106	
1788	10687	-1800	0	106	
1789	10692	-1800	0	106	
1790	10697	-1840	0	106	
1791	10702	-1840	0	106	
1792	10707	-1840	0	106	
1793	10712	-2080	0	106	
1794	10717	-1960	0	106	
1795	10722	-1960	0	106	
1796	10727	-2440	0	106	
1797	10732	-2440	0	106	
1798	10737	-2680	0	106	
1799	10742	-2680	0	106	
1800	10747	-1040	0	106	
1801	10752	-1040	0	106	
1802	10757	-1040	0	106	
1803	10762	-1040	0	106	
1804	10767	-1040	0	106	
1805	10772	-2040	0	106	
1806	10777	-2080	0	106	
1807	10782	-2080	0	106	
1808	10787	-1040	0	106	
1809	10792	-1040	0	106	
1810	10797	-1200	0	106	
1811	10802	-1200	0	106	
1812	10807	-1200	0	106	
1813	10812	-680	0	106	
1814	10817	-680	0	106	
1815	10822	-160	0	106	
1816	10827	-160	0	106	
1817	10832	-1600	0	106	
1818	10837	-1600	0	106	
1819	10842	-1840	0	106	
1820	10847	-1840	0	106	
1821	10852	120	0	106	
1822	10857	120	0	106	
1823	10862	600	0	106	
1824	10867	600	0	106	
1825	10872	200	0	106	
1826	10877	200	0	106	
1827	10882	0	0	106	
1828	10887	0	0	106	
1829	10892	2080	0	106	
1830	10897	2080	0	106	
1831	10902	440	0	106	
1832	10907	440	0	106	
1833	10912	1000	0	106	
1834	10917	1000	0	106	
1835	10922	3200	0	106	
1836	10927	3200	0	106	
1837	10932	2240	0	106	
1838	10937	2240	0	106	
1839	10942	1360	0	106	
1840	10947	1360	0	106	
1841	10952	2680	0	106	
1842	10957	2680	0	106	
1843	10962	4280	0	106	
1844	10967	4280	0	106	
1845	10972	2080	0	106	
1846	10977	2080	0	106	
1847	10982	1760	0	106	
1848	10987	1760	0	106	
1849	10992	2760	0	106	
1850	10997	2760	0	106	
1851	11002	3520	0	106	
1852	11007	3520	0	106	
1853	11012	3160	0	106	
1854	11017	3160	0	106	
1855	11022	3480	0	106	
1856	11027	3480	0	106	
1857	11032	3560	0	106	
1858	11037	3560	0	106	
1859	11042	2600	0	106	
1860	11047	2600	0	106	
1861	11052	2600	0	106	
1862	11057	2600	0	106	
1863	11062	3400	0	106	
1864	11067	3400	0	106	
1865	11072	2120	0	106	
1866	11077	2120	0	106	
1867	11082	2240	0	106	
1868	11087	2240	0	106	
1869	11092	3880	0	106	
1870	11097	3880	0	106	
1871	11102	2240	0	106	
1872	11107	2240	0	106	
1873	11112	3040	0	106	
1874	11117	3040	0	106	
1875	11122	2160	0	106	
1876	11127	2160	0	106	
1877	11132	1200	0	106	
1878	11137	1200	0	106	
1879	11142	2560	0	106	
1880	11147	2560	0	106	
1881	11152	2760	0	106	
1882	11157	2760	0	106	
1883	11162	440	0	106	
1884	11167	440	0	106	
1885	11172	1680	0	106	
1886	11177	1680	0	106	
1887	11182	680	0	106	
1888	11187	680	0	106	
1889	11192	-360	0	106	
1890	11197	-360	0	106	
1891	11202	2160	0	106	
1892	11207	2160	0	106	
1893	11212	2720	0	106	
1894	11217	2720	0	106	
1895	11222	160	0	106	
1896	11227	160	0	106	
1897	11232	-40	0	106	
1898	11237	-40	0	106	
1899	11242	3080	0	106	
1900	11247	3080	0	106	
1901	11252	1400	0	106	
1902	11257	1400	0	106	
1903	11262	960	0	106	
1904	11267	960	0	106	
1905	11272	800	0	106	
1906	11277	800	0	106	
1907	11282	1480	0	106	
1908	11287	1480	0	106	
1909	11292	960	0	106	
1910	11297	960	0	106	
1911	11302	2000	0	106	
1912	11307	2000	0	106	
1913	11312	1640	0	106	
1914	11317	1640	0	106	
1915	11322	1840	0	106	
1916	11327	1840	0	106	
1917	11332	800	0	106	
1918	11337	800	0	106	
1919	11342	1400	0	106	
1920	11347	1400	0	106	
1921	11352	1480	0	106	
1922	11357	1480	0	106	
1923	11362	1360	0	106	
1924	11367	1360	0	106	
1925	11372	1200	0	106	
1926	11377	1200	0	106	
1927	11382	440	0	106	
1928	11387	440	0	106	
1929	11392	560	0	106	
1930	11397	560	0	106	
1931	11402	280	0	106	
1932	11407	280	0	106	
1933	11412	600	0	106	
1934	11417	600	0	106	
1935	11422	520	0	106	
1936	11427	520	0	106	
1937	11432	1120	0	106	
1938	11437	1120	0	106	
1939	11442	360	0	106	
1940	11447	360	0	106	
1941	11452	-120	0	106	
1942	11457	-120	0	106	
1943	11462	-320	0	106	
1944	11467	-320	0	106	
1945	11472	560	0	106	
1946	11477	560	0	106	
1947	11482	880	0	106	
1948	11487	880	0	106	
1949	11492	360	0	106	
1950	11497	360	0	106	
1951	11502	-560	0	106	
1952	11507	-560	0	106	
1953	11512	-360	0	106	
1954	11517	-360	0	106	
1955	11522	0	0	106	
1956	11527	0	0	106	
1957	11532	-400	0	106	
1958	11537	-400	0	106	
1959	11542	-80	0	106	
1960	11547	-80	0	106	
1961	11552	-40	0	106	
1962	11557	-40	0	106	
1963	11562	-520	0	106	
1964	11567	-520	0	106	
1965	11572	-920	0	106	
1966	11577	-920	0	106	
1967	11582	-640	0	106	
1968	11587	-640	0	106	
1969	11592	-160	0	106	
1970	11597	-160	0	106	
1971	11602	-520	0	106	
1972	11607	-520	0	106	
1973	11612	-600	0	106	
1974	11617	-600	0	106	
1975	11622	-960	0	106	
1976	11627	-960	0	106	
1977	11632	-480	0	106	
1978	11637	-480	0	106	
1979	11642	-760	0	106	
1980	11647	-760	0	106	
1981	11652	-600	0	106	
1982	11657	-600	0	106	
1983	11662	-560	0	106	
1984	11667	-560	0	106	
1985	11672	-800	0	106	
1986	11677	-800	0	106	
1987	11682	-1000	0	106	
1988	11687	-1000	0	106	
1989	11692	-840	0	106	
1990	11697	-840	0	106	
1991	11702	-760	0	106	
1992	11707	-760	0	106	
1993	11712	-720	0	106	
1994	11717	-720	0	106	
1995	11722	-560	0	106	
1996	11727	-560	0	106	
1997	11732	-600	0	106	
1998	11737	-600	0	106	
1999	11742	-640	0	106	
2000	11747	-640	0	106	
2001	11752	-920	0	106	
2002	11757	-920	0	106	
2003	11762	-920	0	106	
2004	11767	-920	0	106	
2005	11772	-760	0	106	
2006	11777	-760	0	106	
2007	11782	-360	0	106	
2008	11787	-360	0	106	
2009	11792	-480	0	106	
2010	11797	-480	0	106	
2011	11802	-560	0	106	
2012	11807	-560	0	106	
2013	11812	-480	0	106	
2014	11817	-480	0	106	
2015	11822	-120	0	106	
2016	11827	-120	0	106	
2017	11832	-40	0	106	
2018	11837	-40	0	106	
2019	11842	-80	0	106	
2020	11847	-80	0	106	
2021	11852	-120	0	106	
2022	11857	-120	0	106	
2023	11862	-120	0	106	
2024	11867	120	0	106	
2025	11872	120	0	106	
2026	11877	120	0	106	
2027	11882	200	0	106	
2028	11887	200	0	106	
2029	11892	320	0	106	
2030	11897	320	0	106	
2031	11902	320	0	106	
2032	11907	240	0	106	
2033	11912	240	0	106	
2034	11917	320	0	106	
2035	11922	320	0	106	
2036	11927	480	0	106	
2037	11932	480	0	106	
2038	11937	520	0	106	
2039	11942	520	0	106	
2040	11947	280	0	106	
2041	11952	280	0	106	
2042	11957	440	0	106	
2043	11962	440	0	106	
2044	11967	560	0	106	
2045	11972	560	0	106	
2046	11977	520	0	106	
2047	11982	520	0	106	
2048	11987	640	0	106	
2049	11992	640	0	106	
2050	11997	640	0	106	
2051	12002	640	0	106	
2052	12007	480	0	106	
2053	12012	480	0	106	
2054	12017	440	0	106	
2055	12022	440	0	106	
2056	12027	600	0	106	
2057	12032	600	0	106	
2058	12037	600	0	106	
2059	12042	600	0	106	
2060	12047	600	0	106	
2061	12052	600	0	106	
2062	12057	640	0	106	
2063	12062	640	0	106	
2064	12067	640	0	106	
2065	12072	640	0	106	
2066	12077	520	0	106	
2067	12082	520	0	106	
2068	12087	520	0	106	
2069	12092	520	0	106	
2070	12097	520	0	106	
2071	12102	520	0	106	
2072	12107	600	0	106	
2073	12112	600	0	106	
2074	12117	480	0	106	
2075	12122	480	0	106	
2076	12127	360	0	106	
2077	12132	360	0	106	
2078	12137	280	0	106	
2079	12142	280	0	106	
2080	12147	320	0	106	
2081	12152	320	0	106	
2082	12157	360	0	106	
2083	12162	360	0	106	
2084	12167	240	0	106	
2085	12172	240	0	106	
2086	12177	280	0	106	
2087	12182	280	0	106	
2088	12187	280	0	106	
2089	12192	280	0	106	
2090	12197	200	0	106	
2091	12202	200	0	106	
2092	12207	400	0	106	
2093	12212	400	0	106	
2094	12217	480	0	106	
2095	12222	480	0	106	
2096	12227	40	0	106	
2097	12232	40	0	106	
2098	12237	320	0	106	
2099	12242	320	0	106	
2100	12247	400	0	106	
2101	12252	400	0	106	
2102	12257	560	0	106	
2103	12262	560	0	106	
2104	12267	320	0	106	
2105	12272	320	0	106	
2106	12277	280	0	106	
2107	12282	280	0	106	
2108	12287	560	0	106	
2109	12292	560	0	106	
2110	12297	440	0	106	
2111	12302	440	0	106	
2112	12307	360	0	106	
2113	12312	360	0	106	
2114	12317	520	0	106	
2115	12322	520	0	106	
2116	12327	480	0	106	
2117	12332	480	0	106	
2118	12337	520	0	106	
2119	12342	520	0	106	
2120	12347	560	0	106	
2121	12352	560	0	106	
2122	12357	640	0	106	
2123	12362	640	0	106	
2124	12367	480	0	106	
2125	12372	480	0	106	
2126	12377	600	0	106	
2127	12382	600	0	106	
2128	12387	840	0	106	
2129	12392	840	0	106	
2130	12397	880	0	106	
2131	12402	880	0	106	
2132	12407	600	0	106	
2133	12412	600	0	106	
2134	12417	720	0	106	
2135	12422	720	0	106	
2136	12427	880	0	106	
2137	12432	880	0	106	
2138	12437	840	0	106	
2139	12442	840	0	106	
2140	12447	840	0	106	
2141	12452	840	0	106	
2142	12457	840	0	106	
2143	12462	840	0	106	
2144	12467	960	0	106	
2145	12472	960	0	106	
2146	12477	960	0	106	
2147	12482	960	0	106	
2148	12487	1120	0	106	
2149	12492	1120	0	106	
2150	12497	960	0	106	
2151	12502	960	0	106	
2152	12507	840	0	106	
2153	12512	840	0	106	
2154	12517	920	0	106	
2155	12522	920	0	106	
2156	12527	1040	0	106	
2157	12532	1040	0	106	
2158	12537	1000	0	106	
2159	12542	1000	0	106	
2160	12547	1000	0	106	
2161	12552	1000	0	106	
2162	12557	960	0	106	
2163	12562	960	0	106	
2164	12567	1000	0	106	
2165	12572	1000	0	106	
2166	12577	600	0	106	
2167	12582	600	0	106	
2168	12587	440	0	106	
2169	12592	440	0	106	
2170	12597	240	0	106	
2171	12602	240	0	106	
2172	12607	360	0	106	
2173	12612	360	0	106	
2174	12617	320	0	106	
2175	12622	320	0	106	
2176	12627	40	0	106	
2177	12632	40	0	106	
2178	12637	-280	0	106	
2179	12642	-280	0	106	
2180	12647	-360	0	106	
2181	12652	-360	0	106	
2182	12657	-280	0	106	
2183	12662	-280	0	106	
2184	12667	-480	0	106	
2185	12672	-480	0	106	
2186	12677	-600	0	106	
2187	12682	-600	0	106	
2188	12687	-600	0	106	
2189	12692	-600	0	106	
2190	12697	-520	0	106	
2191	12702	-520	0	106	
2192	12707	-680	0	106	
2193	12712	-680	0	106	
2194	12717	-600	0	106	
2195	12722	-600	0	106	
2196	12727	-560	0	106	
2197	12732	-560	0	106	
2198	12737	-560	0	106	
2199	12742	-560	0	106	
2200	12747	-800	0	106	
2201	12752	-800	0	106	
2202	12757	-480	0	106	
2203	12762	-480	0	106	
2204	12767	-520	0	106	
2205	12772	-520	0	106	
2206	12777	-760	0	106	
2207	12782	-760	0	106	
2208	12787	-840	0	106	
2209	12792	-840	0	106	
2210	12797	-560	0	106	
2211	12802	-560	0	106	
2212	12807	-720	0	106	
2213	12812	-720	0	106	
2214	12817	-720	0	106	
2215	12822	-720	0	106	
2216	12827	-600	0	106	
2217	12832	-600	0	106	
2218	12837	-520	0	106	
2219	12842	-520	0	106	
2220	12847	-440	0	106	
2221	12852	-440	0	106	
2222	12857	-320	0	106	
2223	12862	-320	0	106	
2224	12867	-240	0	106	
2225	12872	-240	0	106	
2226	12877	-400	0	106	
2227	12882	-400	0	106	
2228	12887	-240	0	106	
2229	12892	-240	0	106	
2230	12897	-40	0	106	
2231	12902	-40	0	106	
2232	12907	-80	0	106	
2233	12912	-80	0	106	
2234	12917	0	0	106	
2235	12922	0	0	106	
2236	12927	-80	0	106	
2237	12932	-80	0	106	
2238	12937	0	0	106	
2239	12942	0	0	106	
2240	12947	80	0	106	
2241	12952	80	0	106	
2242	12957	160	0	106	
2243	12962	160	0	106	
2244	12967	200	0	106	
2245	12972	200	0	106	
2246	12977	360	0	106	
2247	12982	360	0	106	
2248	12987	400	0	106	
2249	12992	400	0	106	
2250	12997	520	0	106	
2251	13002	520	0	106	
2252	13007	520	0	106	
2253	13012	440	0	106	
2254	13017	440	0	106	
2255	13022	320	0	106	
2256	13027	320	0	106	
2257	13032	440	0	106	
2258	13037	440	0	106	
2259	13042	440	0	106	
2260	13047	440	0	106	
2261	13052	440	0	106	
2262	13057	440	0	106	
2263	13062	400	0	106	
2264	13067	400	0	106	
2265	13072	320	0	106	
2266	13077	320	0	106	
2267	13082	400	0	106	
2268	13087	400	0	106	
2269	13092	360	0	106	
2270	13097	360	0	106	
2271	13102	320	0	106	
2272	13107	320	0	106	
2273	13112	200	0	106	
2274	13117	200	0	106	
2275	13122	280	0	106	
2276	13127	280	0	106	
2277	13132	200	0	106	
2278	13137	200	0	106	
2279	13142	160	0	106	
2280	13147	160	0	106	
2281	13152	80	0	106	
2282	13157	80	0	106	
2283	13162	80	0	106	
2284	13167	80	0	106	
2285	13172	80	0	106	
2286	13177	80	0	106	
2287	13182	40	0	106	
2288	13187	40	0	106	
2289	13192	40	0	106	
2290	13197	40	0	106	
2291	13202	40	0	106	
2292	13207	40	0	106	
2293	13212	120	0	106	
2294	13217	120	0	106	
2295	13222	0	0	106	
2296	13227	0	0	106	
2297	13232	0	0	106	
2298	13237	0	0	106	
2299	13242	0	0	106	
2300	13247	0	0	106	
2301	13252	-40	0	106	
2302	13257	-40	0	106	
2303	13262	-40	0	106	
2304	13267	-40	0	106	
2305	13272	-80	0	106	
2306	13277	-80	0	106	
2307	13282	-80	0	106	
2308	13287	-80	0	106	
2309	13292	-120	0	106	
2310	13297	-120	0	106	
2311	13302	-80	0	106	
2312	13307	-80	0	106	
2313	13312	0	0	106	
2314	13317	0	0	106	
2315	13322	-80	0	106	
2316	13327	-80	0	106	
2317	13332	-80	0	106	
2318	13337	-80	0	106	
2319	13342	0	0	106	
2320	13347	0	0	106	
2321	13352	0	0	106	
2322	14355	40	0	106	
2323	14357	40	0	106	
2324	14362	40	0	106	
2325	14367	80	0	106	
2326	14372	80	0	106	
2327	14377	80	0	106	
2328	14382	80	0	106	
2329	14387	120	0	106	
2330	14392	120	0	106	
2331	14397	80	0	106	
2332	14402	80	0	106	
2333	14407	200	0	106	
2334	14412	200	0	106	
2335	14417	0	0	106	
2336	14422	0	0	106	
2337	14427	160	0	106	
2338	14432	160	0	106	
2339	14437	120	0	106	
2340	14442	120	0	106	
2341	14447	80	0	106	
2342	14452	80	0	106	
2343	14457	80	0	106	
2344	14462	80	0	106	
2345	14467	160	0	106	
2346	14472	160	0	106	
2347	14477	40	0	106	
2348	14482	40	0	106	
2349	14487	0	0	106	
2350	14492	0	0	106	
2351	14497	0	0	106	
2352	14502	0	0	106	
2353	14507	0	0	106	
2354	14512	0	0	106	
2355	14517	0	0	106	
2356	14522	0	0	106	
2357	14527	40	0	106	
2358	14532	40	0	106	
2359	14537	160	0	106	
2360	14542	160	0	106	
2361	14547	160	0	106	
2362	14552	160	0	106	
2363	14557	240	0	106	
2364	14562	240	0	106	
2365	14567	320	0	106	
2366	14572	320	0	106	
2367	14577	480	0	106	
2368	14582	480	0	106	
2369	14587	520	0	106	
2370	14592	520	0	106	
2371	14597	440	0	106	
2372	14602	440	0	106	
2373	14607	280	0	106	
2374	14612	280	0	106	
2375	14617	80	0	106	
2376	14622	80	0	106	
2377	14627	160	0	106	
2378	14632	160	0	106	
2379	14637	280	0	106	
2380	14642	280	0	106	
2381	14647	0	0	106	
2382	14652	0	0	106	
2383	14657	-200	0	106	
2384	14662	-200	0	106	
2385	14667	-80	0	106	
2386	14672	-80	0	106	
2387	14677	-40	0	106	
2388	14682	-40	0	106	
2389	14687	-200	0	106	
2390	14692	-200	0	106	
2391	14697	0	0	106	
2392	14702	0	0	106	
2393	14707	160	0	106	
2394	14712	160	0	106	
2395	14717	200	0	106	
2396	14722	200	0	106	
2397	14727	80	0	106	
2398	14732	80	0	106	
2399	14737	200	0	106	
2400	14742	200	0	106	
2401	14747	360	0	106	
2402	14752	360	0	106	
2403	14757	600	0	106	
2404	14762	600	0	106	
2405	14767	640	0	106	
2406	14772	640	0	106	
2407	14777	720	0	106	
2408	14782	720	0	106	
2409	14787	640	0	106	
2410	14792	640	0	106	
2411	14797	600	0	106	
2412	14802	600	0	106	
2413	14807	600	0	106	
2414	14812	600	0	106	
2415	14817	560	0	106	
2416	14822	560	0	106	
2417	14827	400	0	106	
2418	14832	400	0	106	
2419	14837	280	0	106	
2420	14842	280	0	106	
2421	14847	80	0	106	
2422	14852	80	0	106	
2423	14857	0	0	106	
2424	14862	0	0	106	
2425	14867	-240	0	106	
2426	14872	-240	0	106	
2427	14877	-320	0	106	
2428	14882	-320	0	106	
2429	14887	-200	0	106	
2430	14892	-200	0	106	
2431	14897	-320	0	106	
2432	14902	-320	0	106	
2433	14907	-560	0	106	
2434	14912	-560	0	106	
2435	14917	-680	0	106	
2436	14922	-680	0	106	
2437	14927	-1080	0	106	
2438	14932	-1080	0	106	
2439	14937	-2040	0	106	
2440	14942	-2040	0	106	
2441	14947	-400	0	106	
2442	14952	-400	0	106	
2443	14957	-560	0	106	
2444	14962	-560	0	106	
2445	14967	-1320	0	106	
2446	14972	-1320	0	106	
2447	14977	-2000	0	106	
2448	14982	-2000	0	106	
2449	14987	-1640	0	106	
2450	14992	-1640	0	106	
2451	14997	-5280	0	106	
2452	15002	-5280	0	106	
2453	15007	-960	0	106	
2454	15012	-960	0	106	
2455	15017	-440	0	106	
2456	15022	-440	0	106	
2457	15027	960	0	106	
2458	15032	960	0	106	
2459	15037	-3480	0	106	
2460	15042	-3480	0	106	
2461	15047	-3160	0	106	
2462	15052	-3160	0	106	
2463	15057	-2800	0	106	
2464	15062	-2800	0	106	
2465	15067	-1840	0	106	
2466	15072	-1840	0	106	
2467	15077	-1840	0	106	
2468	15082	-2280	0	106	
2469	15087	560	0	106	
2470	15092	560	0	106	
2471	15097	2440	0	106	
2472	15102	2440	0	106	
2473	15107	-440	0	106	
2474	15112	-440	0	106	
2475	15117	-3280	0	106	
2476	15122	-3280	0	106	
2477	15127	-3280	0	106	
2478	15132	-1400	0	106	
2479	15137	1400	0	106	
2480	15142	1400	0	106	
2481	15147	440	0	106	
2482	15152	440	0	106	
2483	15157	1800	0	106	
2484	15162	1800	0	106	
2485	15167	680	0	106	
2486	15172	680	0	106	
2487	15177	680	0	106	
2488	15182	-1520	0	106	
2489	15187	-2080	0	106	
2490	15192	-2080	0	106	
2491	15197	-200	0	106	
2492	15202	-200	0	106	
2493	15207	-200	0	106	
2494	15212	-120	0	106	
2495	15217	-120	0	106	
2496	15222	960	0	106	
2497	15227	960	0	106	
2498	15232	1200	0	106	
2499	15237	1200	0	106	
2500	15242	-2560	0	106	
2501	15247	-2560	0	106	
2502	15252	-5960	0	106	
2503	15257	-5960	0	106	
2504	15262	-2960	0	106	
2505	15267	-2960	0	106	
2506	15272	1920	0	106	
2507	15277	1920	0	106	
2508	15282	1360	0	106	
2509	15287	1360	0	106	
2510	15292	-4800	0	106	
2511	15297	-4800	0	106	
2512	15302	-9360	0	106	
2513	15307	-9360	0	106	
2514	15312	-4120	0	106	
2515	15317	-4120	0	106	
2516	15322	-3440	0	106	
2517	15327	-3440	0	106	
2518	15332	-1480	0	106	
2519	15337	-1480	0	106	
2520	15342	2280	0	106	
2521	15347	2280	0	106	
2522	15352	-6520	0	106	
2523	15357	-6520	0	106	
2524	15362	-8160	0	106	
2525	15367	-8160	0	106	
2526	15372	-11360	0	106	
2527	15377	-11360	0	106	
2528	15382	-880	0	106	
2529	15387	-880	0	106	
2530	15392	1560	0	106	
2531	15397	1560	0	106	
2532	15402	-5160	0	106	
2533	15407	-5160	0	106	
2534	15412	-10240	0	106	
2535	15417	-10240	0	106	
2536	15422	-6280	0	106	
2537	15427	-6280	0	106	
2538	15432	-5760	0	106	
2539	15437	-5760	0	106	
2540	15442	-4040	0	106	
2541	15447	-4040	0	106	
2542	15452	-1240	0	106	
2543	15457	-1240	0	106	
2544	15462	-40	0	106	
2545	15467	-40	0	106	
2546	15472	-3440	0	106	
2547	15477	-3440	0	106	
2548	15482	-2200	0	106	
2549	15487	-2200	0	106	
2550	15492	-920	0	106	
2551	15497	-920	0	106	
2552	15502	-2760	0	106	
2553	15507	-2760	0	106	
2554	15512	-5360	0	106	
2555	15517	-5360	0	106	
2556	15522	-3040	0	106	
2557	15527	-3040	0	106	
2558	15532	-2960	0	106	
2559	15537	-2960	0	106	
2560	15542	-6120	0	106	
2561	15547	-6120	0	106	
2562	15552	-2280	0	106	
2563	15557	-2280	0	106	
2564	15562	-4000	0	106	
2565	15567	-4000	0	106	
2566	15572	-7000	0	106	
2567	15577	-7000	0	106	
2568	15582	-6840	0	106	
2569	15587	-6840	0	106	
2570	15592	-4280	0	106	
2571	15597	-4280	0	106	
2572	15602	-6480	0	106	
2573	15607	-6480	0	106	
2574	15612	-9280	0	106	
2575	15617	-9280	0	106	
2576	15622	-10200	0	106	
2577	15627	-10200	0	106	
2578	15632	-9720	0	106	
2579	15637	-9720	0	106	
2580	15642	-9920	0	106	
2581	15647	-9920	0	106	
2582	15652	-7040	0	106	
2583	15657	-7040	0	106	
2584	15662	-5440	0	106	
2585	15667	-5440	0	106	
2586	15672	-14360	0	106	
2587	15677	-14360	0	106	
2588	15682	-22040	0	106	
2589	15687	-22040	0	106	
2590	15692	-9520	0	106	
2591	15697	-9520	0	106	
2592	15702	-7840	0	106	
2593	15707	-7840	0	106	
2594	15712	-5800	0	106	
2595	15717	-5800	0	106	
2596	15722	-10160	0	106	
2597	15727	-10160	0	106	
2598	15732	-3000	0	106	
2599	15737	-3000	0	106	
2600	15742	-6720	0	106	
2601	15747	-6720	0	106	
2602	15752	-15320	0	106	
2603	15757	-15320	0	106	
2604	15762	-11440	0	106	
2605	15767	-11440	0	106	
2606	15772	-6000	0	106	
2607	15777	-6000	0	106	
2608	15782	-4680	0	106	
2609	15787	-4680	0	106	
2610	15792	-11000	0	106	
2611	15797	-11000	0	106	
2612	15802	-10800	0	106	
2613	15807	-10800	0	106	
2614	15812	-8360	0	106	
2615	15817	-8360	0	106	
2616	15822	-9560	0	106	
2617	15827	-9560	0	106	
2618	15832	-15680	0	106	
2619	15837	-15680	0	106	
2620	15842	-15160	0	106	
2621	15847	-15160	0	106	
2622	15852	-6600	0	106	
2623	15857	-6600	0	106	
2624	15862	2120	0	106	
2625	15867	2120	0	106	
2626	15872	-15560	0	106	
2627	15877	-15560	0	106	
2628	15882	-18000	0	106	
2629	15887	-18000	0	106	
2630	15892	-9920	0	106	
2631	15897	-9920	0	106	
2632	15902	-7640	0	106	
2633	15907	-7640	0	106	
2634	15912	-6160	0	106	
2635	15917	-6160	0	106	
2636	15922	-5960	0	106	
2637	15927	-5960	0	106	
2638	15932	-11360	0	106	
2639	15937	-11360	0	106	
2640	15942	-13120	0	106	
2641	15947	-13120	0	106	
2642	15952	-4880	0	106	
2643	15957	-4880	0	106	
2644	15962	-1960	0	106	
2645	15967	-1960	0	106	
2646	15972	-6880	0	106	
2647	15977	-6880	0	106	
2648	15982	-11800	0	106	
2649	15987	-11800	0	106	
2650	15992	-13280	0	106	
2651	15997	-13280	0	106	
2652	16002	-9120	0	106	
2653	16007	-9120	0	106	
2654	16012	15000	0	106	
2655	16017	15000	0	106	
2656	16022	-80	0	106	
2657	16027	-80	0	106	
2658	16032	-10160	0	-201	
2659	16037	-10160	0	-201	
2660	16042	-29520	0	-201	
2661	16047	-29520	0	-201	
2662	16052	6080	0	-201	
2663	16057	6080	0	-201	
2664	16062	24880	0	-201	
2665	16067	24880	0	-201	
2666	16072	14160	0	-201	
2667	16077	14160	0	-201	
2668	16082	-30400	0	-201	
2669	16087	-30400	0	-201	
2670	16092	27136	0	-201	
2671	16097	27136	0	-201	
2672	16102	-12240	0	-201	
2673	16107	-12240	0	-201	
2674	16112	27360	0	-201	
2675	16117	27360	0	-201	
2676	16122	15800	0	-201	
2677	16127	15800	0	-201	
2678	16132	-19040	0	-201	
2679	16137	-19040	0	-201	
2680	16142	-29760	0	-201	
2681	16147	-29760	0	-201	
2682	16152	-13760	0	-201	
2683	16157	-13760	0	-201	
2684	16162	-5680	0	-201	
2685	16167	-5680	0	-201	
2686	16172	17800	0	-201	
2687	16177	17800	0	-201	
2688	16182	19840	0	-201	
2689	16187	19840	0	-201	
2690	16192	-7120	0	-201	
2691	16197	-7120	0	-201	
2692	16202	-31440	0	-201	
2693	16207	-31440	0	-201	
2694	16212	-18880	0	-201	
2695	16217	-18880	0	-201	
2696	16222	-1840	0	-201	
2697	16227	-1840	0	-201	
2698	16232	-4520	0	-201	
2699	16237	-4520	0	-201	
2700	16242	-9720	0	-201	
2701	16247	-9720	0	-201	
2702	16252	10080	0	-201	
2703	16257	10080	0	-201	
2704	16262	-2360	0	-201	
2705	16267	-2360	0	-201	
2706	16272	-9480	0	-201	
2707	16277	-9480	0	-201	
2708	16282	-5000	0	-201	
2709	16287	-5000	0	-201	
2710	16292	-2720	0	-201	
2711	16297	-2720	0	-201	
2712	16302	-27000	0	-201	
2713	16307	-27000	0	-201	
2714	16312	-13000	0	-201	
2715	16317	-13000	0	-201	
2716	16322	19120	0	-201	
2717	16327	19120	0	-201	
2718	16332	-17480	0	-201	
2719	16337	-17480	0	-201	
2720	16342	-17480	0	-201	
2721	16347	-20680	0	-201	
2722	16352	-20680	0	-201	
2723	16357	-17960	0	-201	
2724	16362	-17960	0	-201	
2725	16367	-7840	0	-201	
2726	16372	-7840	0	-201	
2727	16377	4560	0	-201	
2728	16382	4560	0	-201	
2729	16387	7400	0	-201	
2730	16392	7400	0	-201	
2731	16397	-3880	0	-201	
2732	16402	-3880	0	-201	
2733	16407	-22200	0	-201	
2734	16412	-22200	0	-201	
2735	16417	-10800	0	-201	
2736	16422	-10800	0	-201	
2737	16427	12120	0	-201	
2738	16432	12120	0	-201	
2739	16437	20600	0	-201	
2740	16442	20600	0	-201	
2741	16447	5320	0	-201	
2742	16452	5320	0	-201	
2743	16457	-25120	0	-201	
2744	16462	-25120	0	14611	
2745	16467	29856	0	14611	
2746	16472	29856	0	14611	
2747	16477	-26400	0	14611	
2748	16482	-26400	0	14611	
2749	16487	-28136	0	14611	
2750	16492	-28136	0	14611	
2751	16497	-16776	0	14611	
2752	16502	-16776	0	14611	
2753	16507	27280	0	14611	
2754	16512	27280	0	14611	
2755	16517	-20960	0	14611	
2756	16522	-20960	0	14611	
2757	16527	31296	0	14611	
2758	16532	31296	0	14611	
2759	16537	-11840	0	14611	
2760	16542	-11840	0	14611	
2761	16547	25320	0	14611	
2762	16552	25320	0	14611	
2763	16557	-31216	0	14611	
2764	16562	-31216	0	14611	
2765	16567	-3760	0	14611	
2766	16572	-3760	0	14611	
2767	16577	-20880	0	14611	
2768	16582	-20880	0	14611	
2769	16587	28400	0	14611	
2770	16592	28400	0	14611	
2771	16597	7320	0	14611	
2772	16602	7320	0	14611	
2773	16607	-29000	0	14611	
2774	16612	-29000	0	14611	
2775	16617	-29160	0	14611	
2776	16622	-29160	0	14611	
2777	16627	-22816	0	14611	
2778	16632	-22816	0	14611	
2779	16637	-32576	0	14611	
2780	16642	-32576	0	14611	
2781	16647	-2760	0	14611	
2782	16652	-2760	0	14611	
2783	16657	-10080	0	14611	
2784	16662	-10080	0	14611	
2785	16667	-17920	0	14611	
2786	16672	-17920	0	14611	
2787	16677	40	0	14611	
2788	16682	40	0	14611	
2789	16687	22160	0	14611	
2790	16692	22160	0	14611	
2791	16697	16920	0	14611	
2792	16702	16920	0	14611	
2793	16707	1560	0	14611	
2794	16712	1560	0	14611	
2795	16717	-10840	0	14611	
2796	16722	-10840	0	14611	
2797	16727	-14480	0	14611	
2798	16732	-14480	0	14611	
2799	16737	-800	0	14611	
2800	16742	-800	0	14611	
2801	16747	14240	0	14611	
2802	16752	14240	0	14611	
2803	16757	20880	0	14611	
2804	16762	20880	0	14611	
2805	16767	-8040	0	14611	
2806	16772	-8040	0	14611	
2807	16777	-12120	0	14611	
2808	16782	-12120	0	14611	
2809	16787	-6600	0	14611	
2810	16792	-6600	0	14611	
2811	16797	-6200	0	14611	
2812	16802	-6200	0	14611	
2813	16807	720	0	14611	
2814	16812	720	0	14611	
2815	16817	17360	0	14611	
2816	16822	17360	0	14611	
2817	16827	19480	0	14611	
2818	16832	19480	0	14611	
2819	16837	-21760	0	14611	
2820	16842	-21760	0	14611	
2821	16847	-18440	0	14611	
2822	16852	-18440	0	14611	
2823	16857	5280	0	14611	
2824	16862	5280	0	14611	
2825	16867	11240	0	14611	
2826	16872	11240	0	14611	
2827	16877	-4400	0	14611	
2828	16882	-4400	0	14611	
2829	16887	-13880	0	14611	
2830	16892	-13880	0	14611	
2831	16897	-5560	0	14611	
2832	16902	-5560	0	14611	
2833	16907	-4080	0	14611	
2834	16912	-4080	0	14611	
2835	16917	-5080	0	14611	
2836	16922	-5080	0	-985	
2837	16927	-720	0	-985	
2838	16932	-720	0	-985	
2839	16937	-8880	0	-985	
2840	16942	-8880	0	-985	
2841	16947	-19480	0	-985	
2842	16952	-19480	0	-985	
2843	16957	-19600	0	-985	
2844	16962	-19600	0	-985	
2845	16967	-800	0	-985	
2846	16972	-800	0	-985	
2847	16977	-1200	0	-985	
2848	16982	-1200	0	-985	
2849	16987	-8680	0	-985	
2850	16992	-8680	0	-985	
2851	16997	-9160	0	-985	
2852	17002	-9160	0	-985	
2853	17007	-15840	0	-985	
2854	17012	-15840	0	-985	
2855	17017	-2040	0	-985	
2856	17022	-2040	0	-985	
2857	17027	-2200	0	-985	
2858	17032	-2200	0	-985	
2859	17037	10880	0	-985	
2860	17042	10880	0	-985	
2861	17047	11000	0	-985	
2862	17052	11000	0	-985	
2863	17057	-23480	0	-985	
2864	17062	-23480	0	-985	
2865	17067	-31520	0	-985	
2866	17072	-31520	0	-985	
2867	17077	-30640	0	-985	
2868	17082	-30640	0	-985	
2869	17087	-13160	0	-985	
2870	17092	-13160	0	-985	
2871	17097	-22080	0	-985	
2872	17102	-22080	0	-985	
2873	17107	-14160	0	-985	
2874	17112	-14160	0	-985	
2875	17117	10160	0	-985	
2876	17122	10160	0	-985	
2877	17127	-13080	0	-985	
2878	17132	-13080	0	-985	
2879	17137	15296	0	-985	
2880	17142	15296	0	-985	
2881	17147	8976	0	-985	
2882	17152	8976	0	-985	
2883	17157	-16136	0	-985	
2884	17162	-16136	0	-985	
2885	17167	20640	0	-985	
2886	17172	20640	0	-985	
2887	17177	-13240	0	-985	
2888	17182	-13240	0	-985	
2889	17187	-20680	0	-985	
2890	17192	-20680	0	-985	
2891	17197	17320	0	-985	
2892	17202	17320	0	-985	
2893	17207	-680	0	-985	
2894	17212	-680	0	-985	
2895	17217	-13320	0	-985	
2896	17222	-13320	0	-985	
2897	17227	6640	0	-985	
2898	17232	6640	0	-985	
2899	17237	-2560	0	-985	
2900	17242	-2560	0	-985	
2901	17247	-25360	0	-985	
2902	17252	-25360	0	-985	
2903	17257	7840	0	-985	
2904	17262	7840	0	-985	
2905	17267	-26376	0	5970	
2906	17272	-26376	0	5970	
2907	17277	-1560	0	5970	
2908	17282	-1560	0	5970	
2909	17287	31376	0	5970	
2910	17292	31376	0	5970	
2911	17297	26496	0	5970	
2912	17302	26496	0	5970	
2913	17307	-19296	0	5970	
2914	17312	-19296	0	5970	
2915	17317	-7296	0	5970	
2916	17322	-7296	0	5970	
2917	17327	27600	0	5970	
2918	17332	27600	0	5970	
2919	17337	19176	0	5970	
2920	17342	19176	0	5970	
2921	17347	-23960	0	5970	
2922	17352	-23960	0	5970	
2923	17357	15000	0	5970	
2924	17362	15000	0	5970	
2925	17367	-14336	0	5970	
2926	17372	-14336	0	5970	
2927	17377	360	0	5970	
2928	17382	360	0	5970	
2929	17387	360	0	5970	
2930	17392	-26880	0	5970	
2931	17397	23056	0	5970	
2932	17402	23056	0	5970	
2933	17407	3720	0	5970	
2934	17412	3720	0	5970	
2935	17417	-32296	0	5970	
2936	17422	-32296	0	5970	
2937	17427	-27496	0	5970	
2938	17432	-27496	0	5970	
2939	17437	-27496	0	5970	
2940	17442	-10800	0	5970	
2941	17447	30856	0	5970	
2942	17452	30856	0	5970	
2943	17457	9560	0	5970	
2944	17462	9560	0	5970	
2945	17467	24560	0	5970	
2946	17472	24560	0	5970	
2947	17477	24560	0	5970	
2948	17482	-16200	0	5970	
2949	17487	-16200	0	5970	
2950	17492	-20400	0	5970	
2951	17497	-20400	0	5970	
2952	17502	25000	0	5970	
2953	17507	25000	0	5970	
2954	17512	-20240	0	5970	
2955	17517	-20240	0	5970	
2956	17522	-7960	0	5970	
2957	17527	-7960	0	5970	
2958	17532	-19456	0	5970	
2959	17537	-19456	0	5970	
2960	17542	23840	0	5970	
2961	17547	23840	0	5970	
2962	17552	12120	0	5970	
2963	17557	12120	0	5970	
2964	17562	-5280	0	5970	
2965	17567	-5280	0	5970	
2966	17572	-16200	0	5970	
2967	17577	-16200	0	5970	
2968	17582	-8120	0	5970	
2969	17587	-8120	0	5970	
2970	17592	31120	0	5970	
2971	17597	31120	0	5970	
2972	17602	3560	0	5970	
2973	17607	3560	0	496	
2974	17612	-27400	0	496	
2975	17617	-27400	0	496	
2976	17622	26376	0	496	
2977	17627	26376	0	496	
2978	17632	-5000	0	496	
2979	17637	-5000	0	496	
2980	17642	7160	0	496	
2981	17647	7160	0	496	
2982	17652	18240	0	496	
2983	17657	18240	0	496	
2984	17662	-12920	0	496	
2985	17667	-12920	0	496	
2986	17672	24416	0	496	
2987	17677	24416	0	496	
2988	17682	6176	0	496	
2989	17687	6176	0	496	
2990	17692	20776	0	496	
2991	17697	20776	0	496	
2992	17702	5144	0	496	
2993	17707	5144	0	496	
2994	17712	30240	0	496	
2995	17717	30240	0	496	
2996	17722	-22840	0	496	
2997	17727	-22840	0	496	
2998	17732	-21000	0	496	
2999	17737	-21000	0	496	
3000	17742	21120	0	496	
3001	17747	21120	0	496	
3002	17752	23600	0	496	
3003	17757	23600	0	496	
3004	17762	-9880	0	496	
3005	17767	-9880	0	496	
3006	17772	-8280	0	496	
3007	17777	-8280	0	496	
3008	17782	15040	0	496	
3009	17787	15040	0	496	
3010	17792	6560	0	496	
3011	17797	6560	0	496	
3012	17802	-520	0	496	
3013	17807	-520	0	496	
3014	17812	-16880	0	496	
3015	17817	-16880	0	496	
3016	17822	-6840	0	496	
3017	17827	-6840	0	496	
3018	17832	-10600	0	496	
3019	17837	-10600	0	496	
3020	17842	-6200	0	496	
3021	17847	-6200	0	496	
3022	17852	8960	0	496	
3023	17857	8960	0	496	
3024	17862	-200	0	496	
3025	17867	-200	0	496	
3026	17872	-25200	0	496	
3027	17877	-25200	0	496	
3028	17882	-24920	0	496	
3029	17887	-24920	0	496	
3030	17892	-7960	0	496	
3031	17897	-7960	0	496	
3032	17902	10640	0	496	
3033	17907	10640	0	496	
3034	17912	-31560	0	496	
3035	17917	-31560	0	496	
3036	17922	-19480	0	2081	
3037	17927	-19480	0	2081	
3038	17932	-2480	0	2081	
3039	17937	-2480	0	2081	
3040	17942	-10680	0	2081	
3041	17947	-10680	0	2081	
3042	17952	240	0	2081	
3043	17957	240	0	2081	
3044	17962	-5600	0	2081	
3045	17967	-5600	0	2081	
3046	17972	1880	0	2081	
3047	17977	1880	0	2081	
3048	17982	-15320	0	2081	
3049	17987	-15320	0	2081	
3050	17992	-4400	0	2081	
3051	17997	-4400	0	2081	
3052	18002	-480	0	2081	
3053	18007	-480	0	2081	
3054	18012	-15120	0	2081	
3055	18017	-15120	0	2081	
3056	18022	11520	0	2081	
3057	18027	11520	0	2081	
3058	18032	-17280	0	2081	
3059	18037	-17280	0	2081	
3060	18042	-10400	0	2081	
3061	18047	-10400	0	2081	
3062	18052	24680	0	2081	
3063	18057	24680	0	2081	
3064	18062	3640	0	2081	
3065	18067	3640	0	2081	
3066	18072	-12800	0	2081	
3067	18077	-12800	0	2081	
3068	18082	8800	0	2081	
3069	18087	8800	0	2081	
3070	18092	1400	0	2081	
3071	18097	1400	0	2081	
3072	18102	-1000	0	2081	
3073	18107	-1000	0	2081	
3074	18112	-1800	0	2081	
3075	18117	-1800	0	2081	
3076	18122	-10680	0	2081	
3077	18127	-10680	0	2081	
3078	18132	600	0	2081	
3079	18137	600	0	2081	
3080	18142	-27320	0	2081	
3081	18147	-27320	0	2081	
3082	18152	-8920	0	2081	
3083	18157	-8920	0	2081	
3084	18162	22360	0	11179	
3085	18167	22360	0	11179	
3086	18172	26080	0	11179	
3087	18177	26080	0	11179	
3088	18182	-10000	0	11179	
3089	18187	-10000	0	11179	
3090	18192	-27960	0	11179	
3091	18197	-27960	0	11179	
3092	18202	20280	0	11179	
3093	18207	20280	0	11179	
3094	18212	15880	0	11179	
3095	18217	15880	0	11179	
3096	18222	3200	0	11179	
3097	18227	3200	0	11179	
3098	18232	-29920	0	11179	
3099	18237	-29920	0	11179	
3100	18242	19680	0	11179	
3101	18247	19680	0	11179	
3102	18252	-27536	0	11179	
3103	18257	-27536	0	11179	
3104	18262	4960	0	11179	
3105	18267	4960	0	11179	
3106	18272	-29000	0	11179	
3107	18277	-29000	0	11179	
3108	18282	13160	0	11179	
3109	18287	13160	0	11179	
3110	18292	17680	0	11179	
3111	18297	17680	0	11179	
3112	18302	-19680	0	11179	
3113	18307	-19680	0	11179	
3114	18312	1760	0	11179	
3115	18317	1760	0	11179	
3116	18322	-3240	0	11179	
3117	18327	-3240	0	11179	
3118	18332	-17640	0	11179	
3119	18337	-17640	0	11179	
3120	18342	30640	0	11179	
3121	18347	30640	0	11179	
3122	18352	7240	0	11179	
3123	18357	7240	0	11179	
3124	18362	-20920	0	11179	
3125	18367	-20920	0	11179	
3126	18372	-14960	0	11179	
3127	18377	-14960	0	11179	
3128	18382	11560	0	11179	
3129	18387	11560	0	11179	
3130	18392	12080	0	11179	
3131	18397	12080	0	11179	
3132	18402	6840	0	11179	
3133	18407	6840	0	-109	
3134	18412	-14440	0	-109	
3135	18417	-14440	0	-109	
3136	18422	-6520	0	-109	
3137	18427	-6520	0	-109	
3138	18432	2040	0	-109	
3139	18437	2040	0	-109	
3140	18442	6800	0	-109	
3141	18447	6800	0	-109	
3142	18452	-15600	0	-109	
3143	18457	-15600	0	-109	
3144	18462	-25800	0	-109	
3145	18467	-25800	0	-109	
3146	18472	-23200	0	-109	
3147	18477	-23200	0	-109	
3148	18482	10400	0	-109	
3149	18487	10400	0	-109	
3150	18492	7440	0	-109	
3151	18497	7440	0	-109	
3152	18502	-5920	0	-109	
3153	18507	-5920	0	-109	
3154	18512	-10440	0	-109	
3155	18517	-10440	0	-109	
3156	18522	-1960	0	-109	
3157	18527	-1960	0	-109	
3158	18532	8600	0	-109	
3159	18537	8600	0	-109	
3160	18542	-10160	0	-109	
3161	18547	-10160	0	-109	
3162	18552	-10800	0	-109	
3163	18557	-10800	0	-109	
3164	18562	-2960	0	-109	
3165	18567	-2960	0	-109	
3166	18572	-1360	0	-109	
3167	18577	-1360	0	-109	
3168	18582	-8360	0	-109	
3169	18587	-8360	0	-109	
3170	18592	25680	0	-109	
3171	18597	25680	0	-109	
3172	18602	-18416	0	-109	
3173	18607	-18416	0	-109	
3174	18612	-1720	0	-109	
3175	18617	-1720	0	-109	
3176	18622	-1720	0	-109	
3177	18627	24736	0	-109	
3178	18632	24736	0	-109	
3179	18637	-17240	0	-109	
3180	18642	26160	0	1382	
3181	18647	26160	0	1382	
3182	18652	26160	0	1382	
3183	18657	4400	0	1382	
3184	18662	4400	0	1382	
3185	18667	-2320	0	1382	
3186	18672	-2320	0	1382	
3187	18677	-4080	0	1382	
3188	18682	-4080	0	1382	
3189	18687	-2240	0	1382	
3190	18692	-2240	0	1382	
3191	18697	-19840	0	1382	
3192	18702	-19840	0	1382	
3193	18707	-30960	0	1382	
3194	18712	-30960	0	1382	
3195	18717	13880	0	1382	
3196	18722	13880	0	1382	
3197	18727	21520	0	1382	
3198	18732	21520	0	1382	
3199	18737	-21760	0	1382	
3200	18742	-21760	0	1382	
3201	18747	-15720	0	1382	
3202	18752	-15720	0	1382	
3203	18757	10920	0	1382	
3204	18762	10920	0	1382	
3205	18767	2880	0	1382	
3206	18772	2880	0	1382	
3207	18777	2080	0	1382	
3208	18782	2080	0	1382	
3209	18787	-19760	0	1382	
3210	18792	-19760	0	1382	
3211	18797	-2680	0	1382	
3212	18802	-2680	0	1382	
3213	18807	30000	0	1382	
3214	18812	30000	0	1382	
3215	18817	-9640	0	1382	
3216	18822	-9640	0	1382	
3217	18827	13696	0	1382	
3218	18832	13696	0	1382	
3219	18837	23176	0	1382	
3220	18842	23176	0	1382	
3221	18847	-15376	0	8835	
3222	18852	-15376	0	8835	
3223	18857	-30280	0	8835	
3224	18862	-30280	0	8835	
3225	18867	26616	0	8835	
3226	18872	26616	0	8835	
3227	18877	21480	0	8835	
3228	18882	21480	0	8835	
3229	18887	-1560	0	8835	
3230	18892	-1560	0	8835	
3231	18897	-3200	0	8835	
3232	18902	-3200	0	8835	
3233	18907	9560	0	8835	
3234	18912	9560	0	8835	
3235	18917	-4160	0	8835	
3236	18922	-4160	0	8835	
3237	18927	-13520	0	8835	
3238	18932	-13520	0	8835	
3239	18937	-8440	0	8835	
3240	18942	-8440	0	8835	
3241	18947	7920	0	8835	
3242	18952	7920	0	8835	
3243	18957	12320	0	8835	
3244	18962	12320	0	8835	
3245	18967	16200	0	8835	
3246	18972	16200	0	8835	
3247	18977	-1160	0	8835	
3248	18982	-1160	0	8835	
3249	18987	-4960	0	8835	
3250	18992	-4960	0	8835	
3251	18997	17480	0	8835	
3252	19002	17480	0	8835	
3253	19007	19680	0	8835	
3254	19012	19680	0	8835	
3255	19017	-25440	0	8835	
3256	19022	-25440	0	8835	
3257	19027	3040	0	8835	
3258	19032	3040	0	8835	
3259	19037	30160	0	8835	
3260	19042	30160	0	8835	
3261	19047	10240	0	8835	
3262	19052	10240	0	8835	
3263	19057	-7200	0	8835	
3264	19062	-7200	0	-2062	
3265	19067	4360	0	-2062	
3266	19072	4360	0	-2062	
3267	19077	25240	0	-2062	
3268	19082	25240	0	-2062	
3269	19087	17640	0	-2062	
3270	19092	17640	0	-2062	
3271	19097	-11800	0	-2062	
3272	19102	-11800	0	-2062	
3273	19107	-6840	0	-2062	
3274	19112	-6840	0	-2062	
3275	19117	8400	0	-2062	
3276	19122	8400	0	-2062	
3277	19127	-5320	0	-2062	
3278	19132	-5320	0	-2062	
3279	19137	2560	0	-2062	
3280	19142	2560	0	-2062	
3281	19147	10160	0	-2062	
3282	19152	10160	0	-2062	
3283	19157	6320	0	-2062	
3284	19162	6320	0	-2062	
3285	19167	-12720	0	-2062	
3286	19172	-12720	0	-2062	
3287	19177	1920	0	-2062	
3288	19182	1920	0	-2062	
3289	19187	26880	0	-2062	
3290	19192	26880	0	-2062	
3291	19197	720	0	-2062	
3292	19202	720	0	-2062	
3293	19207	-31760	0	-2062	
3294	19212	-31760	0	-2062	
3295	19217	-19760	0	-2062	
3296	19222	-19760	0	-2062	
3297	19227	-31176	0	-2062	
3298	19232	-31176	0	-2062	
3299	19237	-14000	0	-2062	
3300	19242	-14000	0	-2062	
3301	19247	-27680	0	-2062	
3302	19252	-27680	0	-2062	
3303	19257	3680	0	-2062	
3304	19262	3680	0	-2062	
3305	19267	-29736	0	-2062	
3306	19272	-29736	0	-2062	
3307	19277	-29120	0	-2062	
3308	19282	-29120	0	-2062	
3309	19287	21376	0	-3539	
3310	19292	21376	0	-3539	
3311	19297	6440	0	-3539	
3312	19302	6440	0	-3539	
3313	19307	16880	0	-3539	
3314	19312	16880	0	-3539	
3315	19317	-29560	0	-3539	
3316	19322	-29560	0	-3539	
3317	19327	-29200	0	-3539	
3318	19332	-29200	0	-3539	
3319	19337	8920	0	-3539	
3320	19342	8920	0	-3539	
3321	19347	9960	0	-3539	
3322	19352	9960	0	-3539	
3323	19357	-5840	0	-3539	
3324	19362	-5840	0	-3539	
3325	19367	720	0	-3539	
3326	19372	720	0	-3539	
3327	19377	3720	0	-3539	
3328	19382	3720	0	-3539	
3329	19387	-14480	0	-3539	
3330	19392	-14480	0	-3539	
3331	19397	-11200	0	-3539	
3332	19402	-11200	0	-3539	
3333	19407	-2120	0	-3539	
3334	19412	-2120	0	-3539	
3335	19417	-1400	0	-3539	
3336	19422	-1400	0	-3539	
3337	19427	-11080	0	-3539	
3338	19432	-11080	0	-3539	
3339	19437	1760	0	-3539	
3340	19442	1760	0	-3539	
3341	19447	20320	0	-3539	
3342	19452	20320	0	-3539	
3343	19457	7040	0	-3539	
3344	19462	7040	0	-3539	
3345	19467	1520	0	-3539	
3346	19472	1520	0	-3539	
3347	19477	-1080	0	-3539	
3348	19482	-1080	0	-3539	
3349	19487	-3600	0	-3539	
3350	19492	-3600	0	-3539	
3351	19497	-3600	0	-3539	
3352	19502	-3600	0	2637	
3353	19507	-1040	0	2637	
3354	19512	-1040	0	2637	
3355	19517	-6560	0	2637	
3356	19522	-6560	0	2637	
3357	19527	1600	0	2637	
3358	19532	1600	0	2637	
3359	19537	15760	0	2637	
3360	19542	15760	0	2637	
3361	19547	17840	0	2637	
3362	19552	17840	0	2637	
3363	19557	-26040	0	2637	
3364	19562	-26040	0	2637	
3365	19567	-11920	0	2637	
3366	19572	-11920	0	2637	
3367	19577	8440	0	2637	
3368	19582	8440	0	2637	
3369	19587	6680	0	2637	
3370	19592	6680	0	2637	
3371	19597	6680	0	2637	
3372	19602	10360	0	2637	
3373	19607	24760	0	2637	
3374	19612	24760	0	2637	
3375	19617	27600	0	2637	
3376	19622	27600	0	2637	
3377	19627	-5800	0	2637	
3378	19632	-5800	0	2637	
3379	19637	-7760	0	2637	
3380	19642	-7760	0	2637	
3381	19647	-7760	0	2637	
3382	19652	12080	0	2637	
3383	19657	-4640	0	2637	
3384	19662	-4640	0	2637	
3385	19667	-5720	0	2637	
3386	19672	-5720	0	2637	
3387	19677	5480	12	2637	
3388	19682	5480	12	2637	
3389	19687	-3360	12	2637	
3390	19692	-3360	12	2637	
3391	19697	-3360	12	2637	
3392	19702	-280	12	2637	
3393	19707	-22840	12	2637	
3394	19712	-22840	12	2637	
3395	19717	-2080	12	2637	
3396	19722	-2080	12	2637	
3397	19727	11840	12	2637	
3398	19732	11840	12	2637	
3399	19737	-240	12	2637	
3400	19742	-240	12	2637	
3401	19747	-240	12	-6156	
3402	19752	-18360	12	-6156	
3403	19757	-18360	12	-6156	
3404	19762	5880	12	-6156	
3405	19767	5880	12	-6156	
3406	19772	-30616	12	-6156	
3407	19777	-30616	12	-6156	
3408	19782	4160	12	-6156	
3409	19787	4160	12	-6156	
3410	19792	-17240	12	-6156	
3411	19797	-17240	12	-6156	
3412	19802	-23720	12	-6156	
3413	19807	-23720	12	-6156	
3414	19812	-1560	12	-6156	
3415	19817	-1560	12	-6156	
3416	19822	-32536	12	-6156	
3417	19827	-32536	12	-6156	
3418	19832	31960	12	-6156	
3419	19837	31960	12	-6156	
3420	19842	-4280	12	-6156	
3421	19847	-4280	12	-6156	
3422	19852	-13880	12	-6156	
3423	19857	-13880	12	-6156	
3424	19862	7480	12	-6156	
3425	19867	7480	12	-6156	
3426	19872	16600	12	-6156	
3427	19877	16600	12	-6156	
3428	19882	-6560	12	-6156	
3429	19887	-6560	12	-6156	
3430	19892	-20160	12	-6156	
3431	19897	-20160	12	-6156	
3432	19902	-18160	12	-6156	
3433	19907	-18160	12	-6156	
3434	19912	-10640	12	-6156	
3435	19917	-10640	12	-6156	
3436	19922	4680	12	-6156	
3437	19927	4680	12	-6156	
3438	19932	-14560	12	-6156	
3439	19937	-14560	12	-6156	
3440	19942	-16400	12	-6156	
3441	19947	-16400	12	-6156	
3442	19952	21960	12	-6156	
3443	19957	21960	12	-6156	
3444	19962	12080	12	-6156	
3445	19967	12080	12	-6156	
3446	19972	-7760	12	-6156	
3447	19977	-7760	12	-6156	
3448	19982	-31840	12	-6156	
3449	19987	-31840	12	-6156	
3450	19992	-5560	12	-6156	
3451	19997	-5560	12	-6156	
3452	20002	-7440	12	-2467	
3453	20007	-7440	12	-2467	
3454	20012	5200	12	-2467	
3455	20017	5200	12	-2467	
3456	20022	-16456	12	-2467	
3457	20027	-16456	12	-2467	
3458	20032	40	12	-2467	
3459	20037	40	12	-2467	
3460	20042	-13160	12	-2467	
3461	20047	-13160	12	-2467	
3462	20052	-17440	12	-2467	
3463	20057	-17440	12	-2467	
3464	20062	15560	12	-2467	
3465	20067	15560	12	-2467	
3466	20072	7800	12	-2467	
3467	20077	7800	12	-2467	
3468	20082	-1480	12	-2467	
3469	20087	-1480	12	-2467	
3470	20092	-3240	12	-2467	
3471	20097	-3240	12	-2467	
3472	20102	6840	12	-2467	
3473	20107	6840	12	-2467	
3474	20112	1640	12	-2467	
3475	20117	1640	12	-2467	
3476	20122	1520	12	-2467	
3477	20127	1520	12	-2467	
3478	20132	-16680	12	-2467	
3479	20137	-16680	12	-2467	
3480	20142	3040	12	-2467	
3481	20147	3040	12	-2467	
3482	20152	17000	12	-2467	
3483	20157	17000	12	-2467	
3484	20162	7320	12	-2467	
3485	20167	7320	12	-2467	
3486	20172	8880	12	-2467	
3487	20177	8880	12	-2467	
3488	20182	15000	12	-2467	
3489	20187	15000	12	-2467	
3490	20192	-31256	12	-2467	
3491	20197	-31256	12	-2467	
3492	20202	-2560	12	-2467	
3493	20207	-2560	12	-2467	
3494	20212	-1920	12	-2467	
3495	20217	-1920	12	-2467	
3496	20222	1840	12	-2467	
3497	20227	1840	12	-2467	
3498	20232	5280	12	-2467	
3499	20237	5280	12	-2467	
3500	20242	760	12	-2467	
3501	20247	760	12	-2467	
3502	20252	360	12	-2467	
3503	20257	360	12	883	
3504	20262	13520	12	883	
3505	20267	13520	12	883	
3506	20272	-8840	12	883	
3507	20277	-8840	12	883	
3508	20282	22160	12	883	
3509	20287	22160	12	883	
3510	20292	20760	12	883	
3511	20297	20760	12	883	
3512	20302	11520	12	883	
3513	20307	11520	12	883	
3514	20312	-21720	12	883	
3515	20317	-21720	12	883	
3516	20322	-15200	12	883	
3517	20327	-15200	12	883	
3518	20332	29520	12	883	
3519	20337	29520	12	883	
3520	20342	-520	12	883	
3521	20347	-520	12	883	
3522	20352	-21960	12	883	
3523	20357	-21960	12	883	
3524	20362	10240	12	883	
3525	20367	10240	12	883	
3526	20372	7200	12	883	
3527	20377	7200	12	883	
3528	20382	16720	12	883	
3529	20387	16720	12	883	
3530	20392	-19240	12	883	
3531	20397	-19240	12	883	
3532	20402	-16640	12	883	
3533	20407	-16640	12	883	
3534	20412	-760	12	883	
3535	20417	-760	12	883	
3536	20422	23760	12	883	
3537	20427	23760	12	883	
3538	20432	13120	12	883	
3539	20437	13120	12	883	
3540	20442	-25840	12	883	
3541	20447	-25840	12	883	
3542	20452	9120	12	883	
3543	20457	9120	12	883	
3544	20462	32200	12	883	
3545	20467	32200	12	883	
3546	20472	32200	12	883	
3547	20477	32200	12	883	
3548	20482	-160	12	883	
3549	20487	-160	12	883	
3550	20492	-13760	12	883	
3551	20497	-13760	12	883	
3552	20502	8560	12	883	
3553	20507	8560	12	883	
3554	20512	17680	12	883	
3555	20517	17680	12	883	
3556	20522	15240	12	883	
3557	20527	15240	12	883	
3558	20532	12480	12	883	
3559	20537	12480	12	883	
3560	20542	640	12	883	
3561	20547	640	12	883	
3562	20552	-19600	12	883	
3563	20557	-19600	12	883	
3564	20562	15640	12	883	
3565	20567	15640	12	-6758	
3566	20572	29240	12	-6758	
3567	20577	29240	12	-6758	
3568	20582	8640	12	-6758	
3569	20587	8640	12	-6758	
3570	20592	-4240	12	-6758	
3571	20597	-4240	12	-6758	
3572	20602	-12040	12	-6758	
3573	20607	-12040	12	-6758	
3574	20612	3880	12	-6758	
3575	20617	3880	12	-6758	
3576	20622	16920	12	-6758	
3577	20627	16920	12	-6758	
3578	20632	6120	12	-6758	
3579	20637	6120	12	-6758	
3580	20642	-8440	12	-6758	
3581	20647	-8440	12	-6758	
3582	20652	-19320	12	-6758	
3583	20657	-19320	12	-6758	
3584	20662	240	12	-6758	
3585	20667	240	12	-6758	
3586	20672	20280	12	-6758	
3587	20677	20280	12	-6758	
3588	20682	24200	12	-6758	
3589	20687	24200	12	-6758	
3590	20692	-520	12	-6758	
3591	20697	-520	12	-6758	
3592	20702	-8600	12	-6758	
3593	20707	-8600	12	-6758	
3594	20712	17800	12	-6758	
3595	20717	17800	12	-6758	
3596	20722	12240	12	-6758	
3597	20727	12240	12	-6758	
3598	20732	5080	12	-6758	
3599	20737	5080	12	-6758	
3600	20742	2880	12	-6758	
3601	20747	2880	12	-6758	
3602	20752	7680	12	-6758	
3603	20757	7680	12	-6758	
3604	20762	160	12	-6758	
3605	20767	160	12	-6758	
3606	20772	17200	12	-6758	
3607	20777	17200	12	-6758	
3608	20782	18000	12	-6758	
3609	20787	18000	12	-6758	
3610	20792	-4960	12	-6758	
3611	20797	-4960	12	-6758	
3612	20802	-4960	12	-6758	
3613	20807	-9200	12	-6758	
3614	20812	-800	12	-6758	
3615	20817	-800	12	-6758	
3616	20822	23640	12	-6758	
3617	20827	23640	12	-6758	
3618	20832	19520	12	-6758	
3619	20837	19520	12	-6758	
3620	20842	-9280	12	-6758	
3621	20847	-9280	12	-6758	
3622	20852	-9280	12	-6758	
3623	20857	-10960	12	-6758	
3624	20862	4600	12	-6758	
3625	20867	4600	12	-6758	
3626	20872	11720	12	-6758	
3627	20877	11720	12	-6758	
3628	20882	5760	12	-6758	
3629	20887	5760	12	-6758	
3630	20892	27400	12	-6758	
3631	20897	27400	12	-6758	
3632	20902	27400	12	-6758	
3633	20907	7400	12	-6758	
3634	20912	-8720	12	-6758	
3635	20917	-8720	12	-6758	
3636	20922	9560	12	-6758	
3637	20927	9560	12	-6758	
3638	20932	9560	12	-6758	
3639	20937	18040	12	-6758	
3640	20942	18040	12	-6758	
3641	20947	14840	12	-6758	
3642	20952	14840	12	-6758	
3643	20957	-8920	12	-6758	
3644	20962	-8920	12	-6758	
3645	20967	2000	12	-5402	
3646	20972	2000	12	-5402	
3647	20977	1800	12	-5402	
3648	20982	1800	12	-5402	
3649	20987	-4520	12	-5402	
3650	20992	-4520	12	-5402	
3651	20997	9760	12	-5402	
3652	21002	9760	12	-5402	
3653	21007	-11200	12	-5402	
3654	21012	-11200	12	-5402	
3655	21017	-3560	12	-5402	
3656	21022	-3560	12	-5402	
3657	21027	11120	12	-5402	
3658	21032	11120	12	-5402	
3659	21037	1040	12	-5402	
3660	21042	1040	12	-5402	
3661	21047	-2640	12	-5402	
3662	21052	-2640	12	-5402	
3663	21057	-10880	12	-5402	
3664	21062	-10880	12	-5402	
3665	21067	-640	12	-5402	
3666	21072	-640	12	-5402	
3667	21077	-15840	12	-5402	
3668	21082	-15840	12	-5402	
3669	21087	-1360	0	-5402	
3670	21092	-1360	0	-5402	
3671	21097	15640	0	-5402	
3672	21102	15640	0	-5402	
3673	21107	-7880	0	-5402	
3674	21112	-7880	0	-5402	
3675	21117	-23320	0	-5402	
3676	21122	-23320	0	-5402	
3677	21127	-8240	0	-5402	
3678	21132	-8240	0	-5402	
3679	21137	17120	0	-5402	
3680	21142	17120	0	-5402	
3681	21147	-5800	0	-5402	
3682	21152	-5800	0	-5402	
3683	21157	-8640	0	-5402	
3684	21162	-8640	0	-5402	
3685	21167	7480	0	-5402	
3686	21172	7480	0	-5402	
3687	21177	17600	0	-5402	
3688	21182	17600	0	-5402	
3689	21187	-10440	0	-5402	
3690	21192	-10440	0	-5402	
3691	21197	-18680	0	-5402	
3692	21202	-18680	0	-5402	
3693	21207	9440	0	-5402	
3694	21212	9440	0	-5402	
3695	21217	13400	0	-5402	
3696	21222	13400	0	-5402	
3697	21227	7480	0	-5402	
3698	21232	7480	0	-5402	
3699	21237	15720	0	-5402	
3700	21242	15720	0	-5402	
3701	21247	-5560	0	-5402	
3702	21252	-5560	0	-5402	
3703	21257	-21680	0	-5402	
3704	21262	-21680	0	-5402	
3705	21267	-31040	0	-5402	
3706	21272	-31040	0	-5402	
3707	21277	4000	0	-5402	
3708	21282	4000	0	-5402	
3709	21287	2920	0	-5402	
3710	21292	2920	0	-5402	
3711	21297	-32696	0	-5402	
3712	21302	-32696	0	-5402	
3713	21307	32080	0	-5402	
3714	21312	32080	0	-5402	
3715	21317	-6200	0	-5402	
3716	21322	-6200	0	-5402	
3717	21327	-26160	0	-5402	
3718	21332	-26160	0	-5402	
3719	21337	-9920	0	-5402	
3720	21342	-9920	0	-5402	
3721	21347	23120	0	-5402	
3722	21352	23120	0	-5402	
3723	21357	10360	0	-5402	
3724	21362	10360	0	-5402	
3725	21367	7640	0	-5402	
3726	21372	7640	0	-5402	
3727	21377	-12000	0	-5402	
3728	21382	-12000	0	-5402	
3729	21387	-15320	0	-5402	
3730	21392	-15320	0	-5402	
3731	21397	-14880	0	-5402	
3732	21402	-14880	0	-5402	
3733	21407	12960	0	-5402	
3734	21412	12960	0	-1370	
3735	21417	11440	0	-1370	
3736	21422	11440	0	-1370	
3737	21427	-2600	0	-1370	
3738	21432	-2600	0	-1370	
3739	21437	-12240	0	-1370	
3740	21442	-12240	0	-1370	
3741	21447	-22320	0	-1370	
3742	21452	-22320	0	-1370	
3743	21457	2960	0	-1370	
3744	21462	2960	0	-1370	
3745	21467	13160	0	-1370	
3746	21472	13160	0	-1370	
3747	21477	12000	0	-1370	
3748	21482	12000	0	-1370	
3749	21487	8200	0	-1370	
3750	21492	8200	0	-1370	
3751	21497	-3240	0	-1370	
3752	21502	-3240	0	-1370	
3753	21507	-3080	0	-1370	
3754	21512	-3080	0	-1370	
3755	21517	-13600	0	-1370	
3756	21522	-13600	0	-1370	
3757	21527	4360	0	-1370	
3758	21532	4360	0	-1370	
3759	21537	12040	0	-1370	
3760	21542	12040	0	-1370	
3761	21547	14680	0	-1370	
3762	21552	14680	0	-1370	
3763	21557	6640	0	-1370	
3764	21562	6640	0	-1370	
3765	21567	-10560	0	-1370	
3766	21572	-10560	0	-1370	
3767	21577	-7200	0	-1370	
3768	21582	-7200	0	-1370	
3769	21587	-5800	0	-1370	
3770	21592	-5800	0	-1370	
3771	21597	11880	0	-1370	
3772	21602	11880	0	-1370	
3773	21607	10880	0	-1370	
3774	21612	10880	0	-1370	
3775	21617	3480	0	-1370	
3776	21622	3480	0	-1370	
3777	21627	-17440	0	-1370	
3778	21632	-17440	0	-1370	
3779	21637	40	0	-1370	
3780	21642	40	0	-1370	
3781	21647	13760	0	-1370	
3782	21652	13760	0	-1370	
3783	21657	10520	0	-1370	
3784	21662	10520	0	-1370	
3785	21667	-19680	0	-1370	
3786	21672	-19680	0	-1370	
3787	21677	1680	0	-1370	
3788	21682	1680	0	-1370	
3789	21687	10160	0	-1370	
3790	21692	10160	0	-1370	
3791	21697	-5680	0	-1370	
3792	21702	-5680	0	-1370	
3793	21707	-4680	0	-1370	
3794	21712	-4680	0	-1370	
3795	21717	5160	0	-1370	
3796	21722	5160	0	-1370	
3797	21727	640	0	-1370	
3798	21732	640	0	-1370	
3799	21737	-3000	0	-1370	
3800	21742	-3000	0	-1370	
3801	21747	-5360	0	-1370	
3802	21752	-5360	0	-1370	
3803	21757	-15000	0	-1370	
3804	21762	-15000	0	-1370	
3805	21767	-20280	0	-1370	
3806	21772	-20280	0	-1370	
3807	21777	-1560	0	-1370	
3808	21782	-1560	0	-1370	
3809	21787	1320	0	-1370	
3810	21792	1320	0	-1370	
3811	21797	-4960	0	-1370	
3812	21802	-4960	0	-1370	
3813	21807	-5400	0	-1370	
3814	21812	-5400	0	-1370	
3815	21817	7360	0	-1370	
3816	21822	7360	0	-1370	
3817	21827	-13880	0	-1370	
3818	21832	-13880	0	-1370	
3819	21837	-25680	0	-1370	
3820	21842	-25680	0	-1370	
3821	21847	6920	0	-1370	
3822	21852	6920	0	-1370	
3823	21857	6080	0	-1370	
3824	21862	6080	0	-1370	
3825	21867	-4560	0	-498	
3826	21872	-4560	0	-498	
3827	21877	-15200	0	-498	
3828	21882	-15200	0	-498	
3829	21887	7200	0	-498	
3830	21892	7200	0	-498	
3831	21897	21880	0	-498	
3832	21902	21880	0	-498	
3833	21907	8080	0	-498	
3834	21912	8080	0	-498	
3835	21917	-11960	0	-498	
3836	21922	-11960	0	-498	
3837	21927	-28320	0	-498	
3838	21932	-28320	0	-498	
3839	21937	28496	0	-498	
3840	21942	28496	0	-498	
3841	21947	-9920	0	-498	
3842	21952	-9920	0	-498	
3843	21957	23680	0	-498	
3844	21962	23680	0	-498	
3845	21967	-4080	0	-498	
3846	21972	-4080	0	-498	
3847	21977	-14240	0	-498	
3848	21982	-14240	0	-498	
3849	21987	-840	0	-498	
3850	21992	-840	0	-498	
3851	21997	12160	0	-498	
3852	22002	12160	0	-498	
3853	22007	12160	0	-498	
3854	22012	10040	0	-498	
3855	22017	2920	0	-498	
3856	22022	2920	0	-498	
3857	22027	-20600	0	-498	
3858	22032	-20600	0	-498	
3859	22037	-10160	0	-498	
3860	22042	-10160	0	-498	
3861	22047	1640	0	-498	
3862	22052	1640	0	-498	
3863	22057	1640	0	-498	
3864	22062	13440	0	-498	
3865	22067	-3200	0	-498	
3866	22072	-3200	0	-498	
3867	22077	-3200	0	-498	
3868	22082	-5440	0	-498	
3869	22087	-5440	0	-498	
3870	22092	-1000	0	-498	
3871	22097	-1000	0	-498	
3872	22102	-14640	0	-498	
3873	22107	-14640	0	-498	
3874	22112	-3440	0	-498	
3875	22117	-3440	0	-498	
3876	22122	2640	0	-498	
3877	22127	2640	0	-498	
3878	22132	2480	0	-498	
3879	22137	2480	0	-498	
3880	22142	-200	0	-498	
3881	22147	-200	0	-498	
3882	22152	-11960	0	-498	
3883	22157	-11960	0	-498	
3884	22162	5360	0	-498	
3885	22167	5360	0	-498	
3886	22172	-11920	0	-498	
3887	22177	-11920	0	-498	
3888	22182	-10440	0	-498	
3889	22187	-10440	0	-498	
3890	22192	10840	0	-498	
3891	22197	10840	0	-498	
3892	22202	9440	0	-498	
3893	22207	9440	0	-498	
3894	22212	-3120	0	-498	
3895	22217	-3120	0	-498	
3896	22222	-16240	0	-498	
3897	22227	-16240	0	-498	
3898	22232	-2240	0	-498	
3899	22237	-2240	0	-498	
3900	22242	-6040	0	-498	
3901	22247	-6040	0	-498	
3902	22252	16280	0	-498	
3903	22257	16280	0	-498	
3904	22262	6520	0	-498	
3905	22267	6520	0	2398	
3906	22272	-11000	0	2398	
3907	22277	-11000	0	2398	
3908	22282	13840	0	2398	
3909	22287	13840	0	2398	
3910	22292	-6080	0	2398	
3911	22297	-6080	0	2398	
3912	22302	-24880	0	2398	
3913	22307	-24880	0	2398	
3914	22312	28880	0	2398	
3915	22317	28880	0	2398	
3916	22322	-21336	0	2398	
3917	22327	-21336	0	2398	
3918	22332	-14560	0	2398	
3919	22337	-14560	0	2398	
3920	22342	-32720	0	2398	
3921	22347	-32720	0	2398	
3922	22352	25960	0	2398	
3923	22357	25960	0	2398	
3924	22362	3520	0	2398	
3925	22367	3520	0	2398	
3926	22372	-17000	0	2398	
3927	22377	-17000	0	2398	
3928	22382	-18280	0	2398	
3929	22387	-18280	0	2398	
3930	22392	10440	0	2398	
3931	22397	10440	0	2398	
3932	22402	-16000	0	2398	
3933	22407	-16000	0	2398	
3934	22412	-23320	0	2398	
3935	22417	-23320	0	2398	
3936	22422	13240	0	2398	
3937	22427	13240	0	2398	
3938	22432	27280	0	2398	
3939	22437	27280	0	2398	
3940	22442	11880	0	2398	
3941	22447	11880	0	2398	
3942	22452	-12400	0	2398	
3943	22457	-12400	0	2398	
3944	22462	-31520	0	2398	
3945	22467	-31520	0	2398	
3946	22472	-8440	0	2398	
3947	22477	-8440	0	2398	
3948	22482	-31216	0	2398	
3949	22487	-31216	0	2398	
3950	22492	1400	0	2398	
3951	22497	1400	0	2398	
3952	22502	-28760	0	2398	
3953	22507	-28760	0	2398	
3954	22512	-20160	0	2398	
3955	22517	-20160	0	2398	
3956	22522	18160	0	2398	
3957	22527	18160	0	2398	
3958	22532	-23800	0	2398	
3959	22537	-23800	0	2398	
3960	22542	-5560	0	2398	
3961	22547	-5560	0	2398	
3962	22552	-28016	0	2398	
3963	22557	-28016	0	2398	
3964	22562	-27720	0	2398	
3965	22567	-27720	0	2398	
3966	22572	18376	0	2398	
3967	22577	18376	0	2398	
3968	22582	-14040	0	2398	
3969	22587	-14040	0	2398	
3970	22592	-15056	0	2398	
3971	22597	-15056	0	2398	
3972	22602	-19240	0	2398	
3973	22607	-19240	0	3457	
3974	22612	-10720	0	3457	
3975	22617	-10720	0	3457	
3976	22622	-31896	0	3457	
3977	22627	-31896	0	3457	
3978	22632	10040	0	3457	
3979	22637	10040	0	3457	
3980	22642	-10440	0	3457	
3981	22647	-10440	0	3457	
3982	22652	25400	0	3457	
3983	22657	25400	0	3457	
3984	22662	-29416	0	3457	
3985	22667	-29416	0	3457	
3986	22672	-21600	0	3457	
3987	22677	-21600	0	3457	
3988	22682	4880	0	3457	
3989	22687	4880	0	3457	
3990	22692	12360	0	3457	
3991	22697	12360	0	3457	
3992	22702	3400	0	3457	
3993	22707	3400	0	3457	
3994	22712	13920	0	3457	
3995	22717	13920	0	3457	
3996	22722	22960	0	3457	
3997	22727	22960	0	3457	
3998	22732	-30960	0	3457	
3999	22737	-30960	0	3457	
Daten erfolgreich ausgegeben.
